13.729125
13.699838
13.670574
13.641331
13.612109
13.582908
13.553729
13.524572
13.495435
13.466321
13.437227
13.408155
13.379104
13.350075
13.321066
13.292080
13.263114
13.234170
13.205247
13.176345
13.147465
13.118606
13.089768
13.060951
13.032155
13.003381
12.974628
12.945896
12.917185
12.888496
12.859827
12.831180
12.802554
12.773949
12.745365
12.716802
12.688260
12.659740
12.631240
12.602762
12.574304
12.545868
12.517453
12.489058
12.460685
12.432332
12.404001
12.375691
12.347401
12.319133
12.290885
12.262659
12.234453
12.206268
12.178105
12.149962
12.121840
12.093738
12.065658
12.037599
12.009560
11.981542
11.953545
11.925569
11.897614
11.869679
11.841766
11.813873
11.786000
11.758149
11.730318
11.702508
11.674719
11.646950
11.619203
11.591475
11.563769
11.536083
11.508418
11.480773
11.453149
11.425546
11.397964
11.370402
11.342860
11.315339
11.287839
11.260359
11.232900
11.205462
11.178043
11.150646
11.123269
11.095912
11.068576
11.041261
11.013966
10.986691
10.959437
10.932203
10.904990
10.877797
10.850625
10.823473
10.796341
10.769230
10.742139
10.715068
10.688018
10.660988
10.633979
10.606989
10.580021
10.553072
10.526144
10.499236
10.472348
10.445480
10.418633
10.391806
10.364999
10.338213
10.311447
10.284700
10.257975
10.231269
10.204583
10.177918
10.151272
10.124647
10.098042
10.071457
10.044892
10.018348
9.991823
9.965319
9.938834
9.912370
9.885925
9.859501
9.833097
9.806712
9.780348
9.754004
9.727679
9.701375
9.675091
9.648826
9.622582
9.596357
9.570153
9.543968
9.517803
9.491658
9.465533
9.439428
9.413343
9.387277
9.361232
9.335206
9.309200
9.283214
9.257248
9.231301
9.205374
9.179468
9.153580
9.127713
9.101865
9.076037
9.050229
9.024441
8.998672
8.972923
8.947193
8.921483
8.895793
8.870123
8.844472
8.818841
8.793229
8.767637
8.742065
8.716512
8.690979
8.665466
8.639972
8.614497
8.589042
8.563607
8.538191
8.512795
8.487418
8.462060
8.436722
8.411404
8.386105
8.360826
8.335566
8.310325
8.285104
8.259902
8.234720
8.209557
8.184413
8.159289
8.134184
8.109098
8.084032
8.058985
8.033958
8.008950
7.983961
7.958991
7.934041
7.909110
7.884198
7.859306
7.834432
7.809578
7.784744
7.759928
7.735132
7.710354
7.685596
7.660858
7.636138
7.611437
7.586756
7.562094
7.537451
7.512827
7.488222
7.463636
7.439069
7.414522
7.389993
7.365484
7.340993
7.316522
7.292069
7.267636
7.243222
7.218826
7.194450
7.170092
7.145754
7.121434
7.097134
7.072852
7.048590
7.024346
7.000121
6.975915
6.951728
6.927560
6.903411
6.879280
6.855168
6.831076
6.807002
6.782947
6.758910
6.734893
6.710894
6.686914
6.662953
6.639011
6.615087
6.591182
6.567296
6.543428
6.519580
6.495750
6.471938
6.448146
6.424372
6.400616
6.376880
6.353162
6.329462
6.305781
6.282119
6.258476
6.234851
6.211244
6.187657
6.164087
6.140537
6.117005
6.093491
6.069996
6.046519
6.023061
5.999622
5.976201
5.952798
5.929414
5.906048
5.882701
5.859372
5.836062
5.812770
5.789497
5.766242
5.743005
5.719787
5.696587
5.673405
5.650242
5.627097
5.603970
5.580862
5.557772
5.534701
5.511647
5.488612
5.465595
5.442597
5.419617
5.396655
5.373711
5.350785
5.327878
5.304989
5.282118
5.259265
5.236431
5.213614
5.190816
5.168036
5.145274
5.122530
5.099804
5.077097
5.054407
5.031736
5.009083
4.986447
4.963830
4.941231
4.918650
4.896087
4.873542
4.851015
4.828506
4.806015
4.783542
4.761087
4.738650
4.716231
4.693829
4.671446
4.649081
4.626733
4.604404
4.582092
4.559799
4.537523
4.515265
4.493025
4.470803
4.448598
4.426412
4.404243
4.382092
4.359959
4.337844
4.315746
4.293666
4.271604
4.249560
4.227534
4.205525
4.183534
4.161560
4.139605
4.117667
4.095747
4.073844
4.051959
4.030092
4.008243
3.986411
3.964596
3.942800
3.921021
3.899259
3.877515
3.855789
3.834080
3.812389
3.790716
3.769060
3.747421
3.725800
3.704197
3.682611
3.661043
3.639492
3.617958
3.596442
3.574944
3.553463
3.531999
3.510553
3.489124
3.467713
3.446319
3.424942
3.403583
3.382241
3.360917
3.339610
3.318320
3.297048
3.275793
3.254555
3.233335
3.212131
3.190946
3.169777
3.148626
3.127492
3.106375
3.085276
3.064193
3.043128
3.022080
3.001050
2.980036
2.959040
2.938061
2.917099
2.896155
2.875227
2.854317
2.833423
2.812547
2.791688
2.770846
2.750021
2.729214
2.708423
2.687649
2.666893
2.646153
2.625431
2.604725
2.584037
2.563365
2.542711
2.522074
2.501453
2.480850
2.460263
2.439694
2.419141
2.398605
2.378087
2.357585
2.337100
2.316632
2.296181
2.275747
2.255329
2.234929
2.214545
2.194178
2.173828
2.153495
2.133179
2.112879
2.092597
2.072331
2.052082
2.031849
2.011634
1.991435
1.971253
1.951087
1.930939
1.910807
1.890691
1.870593
1.850511
1.830446
1.810397
1.790365
1.770350
1.750351
1.730369
1.710404
1.690455
1.670523
1.650608
1.630709
1.610826
1.590961
1.571111
1.551279
1.531463
1.511663
1.491880
1.472113
1.452363
1.432630
1.412912
1.393212
1.373528
1.353860
1.334209
1.314574
1.294955
1.275353
1.255768
1.236199
1.216646
1.197110
1.177590
1.158086
1.138599
1.119128
1.099673
1.080235
1.060813
1.041407
1.022018
1.002645
0.983288
0.963947
0.944623
0.925315
0.906023
0.886748
0.867488
0.848245
0.829018
0.809808
0.790613
0.771435
0.752273
0.733127
0.713997
0.694884
0.675786
0.656705
0.637639
0.618590
0.599557
0.580540
0.561539
0.542554
0.523586
0.504633
0.485696
0.466776
0.447871
0.428983
0.410110
0.391253
0.372413
0.353588
0.334780
0.315987
0.297210
0.278450
0.259705
0.240976
0.222263
0.203566
0.184885
0.166220
0.147570
0.128937
0.110319
0.091717
0.073131
0.054561
0.036007
0.017468
-0.001054
-0.019561
-0.038052
-0.056527
-0.074987
-0.093430
-0.111858
-0.130271
-0.148667
-0.167048
-0.185413
-0.203762
-0.222096
-0.240414
-0.258716
-0.277002
-0.295273
-0.313529
-0.331768
-0.349992
-0.368200
-0.386393
-0.404570
-0.422732
-0.440877
-0.459008
-0.477122
-0.495222
-0.513305
-0.531373
-0.549426
-0.567463
-0.585484
-0.603490
-0.621480
-0.639455
-0.657415
-0.675358
-0.693287
-0.711200
-0.729097
-0.746980
-0.764846
-0.782697
-0.800533
-0.818354
-0.836159
-0.853948
-0.871723
-0.889481
-0.907225
-0.924953
-0.942666
-0.960363
-0.978045
-0.995712
-1.013364
-1.031000
-1.048621
-1.066226
-1.083817
-1.101392
-1.118952
-1.136496
-1.154025
-1.171540
-1.189038
-1.206522
-1.223991
-1.241444
-1.258882
-1.276305
-1.293712
-1.311105
-1.328482
-1.345845
-1.363192
-1.380524
-1.397841
-1.415142
-1.432429
-1.449701
-1.466957
-1.484199
-1.501425
-1.518636
-1.535833
-1.553014
-1.570180
-1.587331
-1.604467
-1.621588
-1.638695
-1.655786
-1.672862
-1.689923
-1.706969
-1.724001
-1.741017
-1.758019
-1.775005
-1.791977
-1.808933
-1.825875
-1.842802
-1.859714
-1.876611
-1.893494
-1.910361
-1.927214
-1.944051
-1.960874
-1.977682
-1.994476
-2.011254
-2.028018
-2.044767
-2.061501
-2.078220
-2.094925
-2.111615
-2.128290
-2.144950
-2.161596
-2.178227
-2.194843
-2.211445
-2.228031
-2.244604
-2.261161
-2.277704
-2.294232
-2.310746
-2.327245
-2.343729
-2.360198
-2.376653
-2.393094
-2.409520
-2.425931
-2.442328
-2.458710
-2.475077
-2.491430
-2.507769
-2.524093
-2.540402
-2.556697
-2.572977
-2.589243
-2.605495
-2.621732
-2.637954
-2.654162
-2.670355
-2.686534
-2.702699
-2.718849
-2.734985
-2.751106
-2.767213
-2.783306
-2.799384
-2.815448
-2.831497
-2.847532
-2.863553
-2.879559
-2.895551
-2.911529
-2.927492
-2.943441
-2.959376
-2.975297
-2.991203
-3.007095
-3.022972
-3.038836
-3.054685
-3.070520
-3.086340
-3.102147
-3.117939
-3.133717
-3.149481
-3.165230
-3.180966
-3.196687
-3.212394
-3.228087
-3.243766
-3.259431
-3.275081
-3.290717
-3.306340
-3.321948
-3.337542
-3.353122
-3.368688
-3.384240
-3.399777
-3.415301
-3.430811
-3.446306
-3.461788
-3.477256
-3.492709
-3.508149
-3.523574
-3.538986
-3.554383
-3.569767
-3.585137
-3.600492
-3.615834
-3.631162
-3.646476
-3.661776
-3.677062
-3.692334
-3.707592
-3.722837
-3.738067
-3.753284
-3.768487
-3.783676
-3.798851
-3.814012
-3.829160
-3.844293
-3.859413
-3.874519
-3.889611
-3.904690
-3.919754
-3.934805
-3.949842
-3.964865
-3.979875
-3.994871
-4.009853
-4.024822
-4.039776
-4.054717
-4.069645
-4.084558
-4.099458
-4.114345
-4.129217
-4.144076
-4.158922
-4.173753
-4.188571
-4.203376
-4.218167
-4.232944
-4.247708
-4.262458
-4.277194
-4.291917
-4.306627
-4.321322
-4.336005
-4.350673
-4.365329
-4.379970
-4.394599
-4.409213
-4.423815
-4.438402
-4.452977
-4.467537
-4.482085
-4.496619
-4.511139
-4.525646
-4.540140
-4.554620
-4.569086
-4.583540
-4.597980
-4.612406
-4.626819
-4.641219
-4.655606
-4.669979
-4.684339
-4.698685
-4.713018
-4.727338
-4.741644
-4.755938
-4.770217
-4.784484
-4.798737
-4.812977
-4.827204
-4.841418
-4.855618
-4.869805
-4.883979
-4.898140
-4.912287
-4.926421
-4.940542
-4.954650
-4.968745
-4.982826
-4.996894
-5.010949
-5.024991
-5.039020
-5.053036
-5.067039
-5.081028
-5.095004
-5.108968
-5.122918
-5.136855
-5.150779
-5.164690
-5.178588
-5.192473
-5.206345
-5.220204
-5.234049
-5.247882
-5.261702
-5.275509
-5.289302
-5.303083
-5.316851
-5.330606
-5.344348
-5.358077
-5.371793
-5.385496
-5.399186
-5.412863
-5.426528
-5.440179
-5.453818
-5.467443
-5.481056
-5.494656
-5.508243
-5.521817
-5.535378
-5.548927
-5.562463
-5.575985
-5.589495
-5.602993
-5.616477
-5.629949
-5.643408
-5.656854
-5.670287
-5.683708
-5.697116
-5.710511
-5.723893
-5.737263
-5.750620
-5.763964
-5.777295
-5.790614
-5.803920
-5.817214
-5.830495
-5.843763
-5.857018
-5.870261
-5.883491
-5.896709
-5.909914
-5.923106
-5.936286
-5.949453
-5.962608
-5.975750
-5.988879
-6.001996
-6.015101
-6.028192
-6.041272
-6.054338
-6.067392
-6.080434
-6.093463
-6.106480
-6.119484
-6.132476
-6.145455
-6.158422
-6.171376
-6.184318
-6.197247
-6.210164
-6.223069
-6.235961
-6.248841
-6.261708
-6.274563
-6.287406
-6.300236
-6.313054
-6.325859
-6.338652
-6.351433
-6.364201
-6.376957
-6.389701
-6.402432
-6.415151
-6.427858
-6.440553
-6.453235
-6.465905
-6.478563
-6.491208
-6.503841
-6.516462
-6.529071
-6.541667
-6.554252
-6.566824
-6.579384
-6.591931
-6.604467
-6.616990
-6.629501
-6.642000
-6.654487
-6.666962
-6.679424
-6.691874
-6.704313
-6.716739
-6.729153
-6.741555
-6.753944
-6.766322
-6.778688
-6.791041
-6.803383
-6.815712
-6.828030
-6.840335
-6.852629
-6.864910
-6.877179
-6.889437
-6.901682
-6.913915
-6.926137
-6.938346
-6.950543
-6.962729
-6.974902
-6.987064
-6.999213
-7.011351
-7.023477
-7.035591
-7.047692
-7.059783
-7.071861
-7.083927
-7.095981
-7.108024
-7.120054
-7.132073
-7.144080
-7.156075
-7.168059
-7.180030
-7.191990
-7.203938
-7.215874
-7.227798
-7.239711
-7.251611
-7.263500
-7.275377
-7.287243
-7.299097
-7.310939
-7.322769
-7.334587
-7.346394
-7.358189
-7.369973
-7.381744
-7.393504
-7.405253
-7.416990
-7.428715
-7.440428
-7.452130
-7.463820
-7.475498
-7.487165
-7.498821
-7.510464
-7.522096
-7.533717
-7.545326
-7.556923
-7.568509
-7.580083
-7.591646
-7.603197
-7.614737
-7.626265
-7.637781
-7.649286
-7.660780
-7.672262
-7.683732
-7.695191
-7.706639
-7.718075
-7.729500
-7.740913
-7.752315
-7.763705
-7.775084
-7.786452
-7.797808
-7.809152
-7.820486
-7.831808
-7.843118
-7.854417
-7.865705
-7.876981
-7.888247
-7.899500
-7.910743
-7.921974
-7.933194
-7.944402
-7.955599
-7.966785
-7.977959
-7.989123
-8.000275
-8.011415
-8.022545
-8.033663
-8.044770
-8.055866
-8.066950
-8.078024
-8.089086
-8.100137
-8.111176
-8.122205
-8.133222
-8.144228
-8.155223
-8.166207
-8.177180
-8.188141
-8.199091
-8.210031
-8.220959
-8.231876
-8.242782
-8.253676
-8.264560
-8.275433
-8.286294
-8.297145
-8.307984
-8.318812
-8.329630
-8.340436
-8.351231
-8.362015
-8.372789
-8.383551
-8.394302
-8.405042
-8.415771
-8.426489
-8.437197
-8.447893
-8.458578
-8.469253
-8.479916
-8.490569
-8.501210
-8.511841
-8.522460
-8.533069
-8.543667
-8.554254
-8.564830
-8.575396
-8.585950
-8.596494
-8.607026
-8.617548
-8.628059
-8.638559
-8.649049
-8.659527
-8.669995
-8.680452
-8.690898
-8.701333
-8.711758
-8.722172
-8.732575
-8.742967
-8.753349
-8.763719
-8.774079
-8.784429
-8.794767
-8.805095
-8.815412
-8.825719
-8.836015
-8.846300
-8.856574
-8.866838
-8.877091
-8.887334
-8.897565
-8.907787
-8.917997
-8.928197
-8.938386
-8.948565
-8.958733
-8.968891
-8.979038
-8.989174
-8.999300
-9.009415
-9.019520
-9.029614
-9.039697
-9.049770
-9.059833
-9.069885
-9.079926
-9.089957
-9.099978
-9.109988
-9.119987
-9.129976
-9.139955
-9.149923
-9.159881
-9.169828
-9.179765
-9.189691
-9.199607
-9.209512
-9.219407
-9.229292
-9.239166
-9.249030
-9.258884
-9.268727
-9.278559
-9.288382
-9.298194
-9.307996
-9.317787
-9.327568
-9.337339
-9.347099
-9.356849
-9.366589
-9.376318
-9.386038
-9.395746
-9.405445
-9.415133
-9.424812
-9.434479
-9.444137
-9.453784
-9.463422
-9.473049
-9.482665
-9.492272
-9.501868
-9.511454
-9.521030
-9.530596
-9.540152
-9.549697
-9.559232
-9.568757
-9.578272
-9.587777
-9.597272
-9.606757
-9.616231
-9.625695
-9.635150
-9.644594
-9.654028
-9.663452
-9.672866
-9.682270
-9.691664
-9.701048
-9.710421
-9.719785
-9.729139
-9.738482
-9.747816
-9.757140
-9.766453
-9.775757
-9.785051
-9.794334
-9.803608
-9.812872
-9.822126
-9.831370
-9.840603
-9.849827
-9.859042
-9.868246
-9.877440
-9.886624
-9.895799
-9.904963
-9.914118
-9.923263
-9.932397
-9.941522
-9.950638
-9.959743
-9.968838
-9.977924
-9.987000
-9.996066
-10.005122
-10.014169
-10.023205
-10.032232
-10.041249
-10.050256
-10.059254
-10.068241
-10.077219
-10.086187
-10.095146
-10.104095
-10.113034
-10.121963
-10.130882
-10.139792
-10.148692
-10.157583
-10.166464
-10.175335
-10.184196
-10.193048
-10.201890
-10.210722
-10.219545
-10.228358
-10.237162
-10.245956
-10.254740
-10.263515
-10.272280
-10.281035
-10.289781
-10.298517
-10.307244
-10.315961
-10.324669
-10.333367
-10.342055
-10.350734
-10.359404
-10.368064
-10.376714
-10.385355
-10.393986
-10.402608
-10.411221
-10.419824
-10.428417
-10.437001
-10.445575
-10.454140
-10.462696
-10.471242
-10.479779
-10.488306
-10.496824
-10.505333
-10.513832
-10.522321
-10.530801
-10.539272
-10.547734
-10.556186
-10.564629
-10.573062
-10.581486
-10.589901
-10.598306
-10.606702
-10.615089
-10.623466
-10.631834
-10.640193
-10.648543
-10.656883
-10.665214
-10.673535
-10.681848
-10.690151
-10.698445
-10.706729
-10.715005
-10.723271
-10.731528
-10.739775
-10.748014
-10.756243
-10.764463
-10.772674
-10.780876
-10.789068
-10.797252
-10.805426
-10.813591
-10.821747
-10.829893
-10.838031
-10.846159
-10.854279
-10.862389
-10.870490
-10.878582
-10.886665
-10.894739
-10.902803
-10.910859
-10.918905
-10.926943
-10.934971
-10.942991
-10.951001
-10.959002
-10.966995
-10.974978
-10.982952
-10.990917
-10.998874
-11.006821
-11.014759
-11.022688
-11.030609
-11.038520
-11.046422
-11.054316
-11.062200
-11.070076
-11.077942
-11.085800
-11.093649
-11.101489
-11.109320
-11.117142
-11.124955
-11.132759
-11.140554
-11.148341
-11.156118
-11.163887
-11.171647
-11.179398
-11.187140
-11.194874
-11.202598
-11.210314
-11.218021
-11.225719
-11.233408
-11.241089
-11.248761
-11.256424
-11.264078
-11.271723
-11.279360
-11.286988
-11.294607
-11.302217
-11.309819
-11.317412
-11.324996
-11.332572
-11.340139
-11.347697
-11.355246
-11.362787
-11.370319
-11.377842
-11.385357
-11.392863
-11.400361
-11.407849
-11.415330
-11.422801
-11.430264
-11.437718
-11.445164
-11.452601
-11.460029
-11.467449
-11.474861
-11.482263
-11.489657
-11.497043
-11.504420
-11.511788
-11.519148
-11.526500
-11.533842
-11.541177
-11.548502
-11.555820
-11.563128
-11.570429
-11.577720
-11.585004
-11.592278
-11.599545
-11.606803
-11.614052
-11.621293
-11.628525
-11.635749
-11.642965
-11.650172
-11.657371
-11.664561
-11.671743
-11.678917
-11.686082
-11.693239
-11.700387
-11.707527
-11.714659
-11.721782
-11.728897
-11.736003
-11.743102
-11.750191
-11.757273
-11.764346
-11.771411
-11.778468
-11.785516
-11.792556
-11.799588
-11.806611
-11.813626
-11.820633
-11.827632
-11.834622
-11.841604
-11.848578
-11.855544
-11.862501
-11.869450
-11.876391
-11.883324
-11.890248
-11.897165
-11.904073
-11.910973
-11.917865
-11.924748
-11.931624
-11.938491
-11.945350
-11.952201
-11.959044
-11.965878
-11.972705
-11.979523
-11.986334
-11.993136
-11.999930
-12.006716
-12.013494
-12.020264
-12.027026
-12.033779
-12.040525
-12.047262
-12.053992
-12.060713
-12.067427
-12.074132
-12.080830
-12.087519
-12.094200
-12.100874
-12.107539
-12.114196
-12.120846
-12.127487
-12.134120
-12.140746
-12.147363
-12.153973
-12.160574
-12.167168
-12.173754
-12.180332
-12.186901
-12.193463
-12.200017
-12.206563
-12.213102
-12.219632
-12.226154
-12.232669
-12.239176
-12.245674
-12.252165
-12.258648
-12.265124
-12.271591
-12.278051
-12.284502
-12.290946
-12.297382
-12.303811
-12.310231
-12.316644
-12.323049
-12.329446
-12.335835
-12.342217
-12.348591
-12.354957
-12.361315
-12.367666
-12.374008
-12.380344
-12.386671
-12.392990
-12.399302
-12.405607
-12.411903
-12.418192
-12.424473
-12.430746
-12.437012
-12.443270
-12.449521
-12.455764
-12.461999
-12.468226
-12.474446
-12.480658
-12.486863
-12.493060
-12.499249
-12.505431
-12.511605
-12.517771
-12.523930
-12.530082
-12.536225
-12.542362
-12.548490
-12.554611
-12.560725
-12.566831
-12.572929
-12.579020
-12.585104
-12.591180
-12.597248
-12.603309
-12.609362
-12.615408
-12.621446
-12.627477
-12.633500
-12.639516
-12.645525
-12.651526
-12.657519
-12.663505
-12.669484
-12.675455
-12.681419
-12.687375
-12.693324
-12.699266
-12.705200
-12.711127
-12.717046
-12.722958
-12.728863
-12.734760
-12.740650
-12.746532
-12.752407
-12.758275
-12.764136
-12.769989
-12.775835
-12.781673
-12.787504
-12.793328
-12.799144
-12.804954
-12.810756
-12.816550
-12.822338
-12.828118
-12.833890
-12.839656
-12.845414
-12.851165
-12.856909
-12.862646
-12.868375
-12.874097
-12.879812
-12.885520
-12.891220
-12.896913
-12.902599
-12.908278
-12.913950
-12.919614
-12.925272
-12.930922
-12.936565
-12.942201
-12.947829
-12.953451
-12.959065
-12.964673
-12.970273
-12.975866
-12.981452
-12.987031
-12.992602
-12.998167
-13.003725
-13.009275
-13.014819
-13.020355
-13.025884
-13.031406
-13.036921
-13.042430
-13.047931
-13.053425
-13.058912
-13.064392
-13.069865
-13.075331
-13.080790
-13.086242
-13.091687
-13.097125
-13.102556
-13.107980
-13.113397
-13.118807
-13.124210
-13.129606
-13.134996
-13.140378
-13.145753
-13.151122
-13.156483
-13.161838
-13.167186
-13.172526
-13.177860
-13.183187
-13.188508
-13.193821
-13.199127
-13.204427
-13.209719
-13.215005
-13.220284
-13.225556
-13.230822
-13.236080
-13.241332
-13.246577
-13.251815
-13.257046
-13.262270
-13.267488
-13.272699
-13.277903
-13.283100
-13.288291
-13.293474
-13.298651
-13.303821
-13.308985
-13.314142
-13.319292
-13.324435
-13.329571
-13.334701
-13.339824
-13.344941
-13.350050
-13.355153
-13.360250
-13.365339
-13.370422
-13.375498
-13.380568
-13.385631
-13.390687
-13.395737
-13.400780
-13.405816
-13.410846
-13.415869
-13.420886
-13.425895
-13.430899
-13.435895
-13.440885
-13.445869
-13.450846
-13.455816
-13.460780
-13.465737
-13.470688
-13.475632
-13.480569
-13.485500
-13.490425
-13.495342
-13.500254
-13.505159
-13.510057
-13.514949
-13.519834
-13.524713
-13.529585
-13.534451
-13.539310
-13.544163
-13.549010
-13.553850
-13.558683
-13.563510
-13.568331
-13.573145
-13.577953
-13.582754
-13.587549
-13.592337
-13.597119
-13.601895
-13.606664
-13.611427
-13.616183
-13.620933
-13.625677
-13.630414
-13.635145
-13.639870
-13.644588
-13.649300
-13.654006
-13.658705
-13.663398
-13.668084
-13.672764
-13.677438
-13.682106
-13.686767
-13.691422
-13.696071
-13.700713
-13.705350
-13.709979
-13.714603
-13.719220
-13.723831
-13.728436
-13.733035
-13.737627
-13.742213
-13.746793
-13.751367
-13.755934
-13.760495
-13.765050
-13.769599
-13.774142
-13.778678
-13.783209
-13.787733
-13.792250
-13.796762
-13.801268
-13.805767
-13.810260
-13.814748
-13.819228
-13.823703
-13.828172
-13.832635
-13.837091
-13.841541
-13.845986
-13.850424
-13.854856
-13.859282
-13.863702
-13.868115
-13.872523
-13.876925
-13.881320
-13.885710
-13.890093
-13.894471
-13.898842
-13.903208
-13.907567
-13.911920
-13.916268
-13.920609
-13.924944
-13.929273
-13.933597
-13.937914
-13.942225
-13.946531
-13.950830
-13.955123
-13.959411
-13.963692
-13.967968
-13.972237
-13.976501
-13.980759
-13.985011
-13.989256
-13.993496
-13.997730
-14.001959
-14.006181
-14.010397
-14.014608
-14.018812
-14.023011
-14.027204
-14.031391
-14.035572
-14.039747
-14.043916
-14.048080
-14.052237
-14.056389
-14.060535
-14.064675
-14.068810
-14.072938
-14.077061
-14.081178
-14.085289
-14.089394
-14.093494
-14.097588
-14.101676
-14.105758
-14.109834
-14.113905
-14.117970
-14.122029
-14.126083
-14.130131
-14.134173
-14.138209
-14.142239
-14.146264
-14.150283
-14.154297
-14.158305
-14.162307
-14.166303
-14.170294
-14.174279
-14.178258
-14.182231
-14.186199
-14.190162
-14.194118
-14.198069
-14.202015
-14.205955
-14.209889
-14.213817
-14.217740
-14.221657
-14.225569
-14.229475
-14.233375
-14.237270
-14.241160
-14.245043
-14.248921
-14.252794
-14.256661
-14.260522
-14.264378
-14.268229
-14.272073
-14.275913
-14.279746
-14.283574
-14.287397
-14.291214
-14.295026
-14.298832
-14.302633
-14.306428
-14.310217
-14.314001
-14.317780
-14.321553
-14.325321
-14.329083
-14.332840
-14.336591
-14.340337
-14.344078
-14.347813
-14.351542
-14.355266
-14.358985
-14.362698
-14.366406
-14.370109
-14.373806
-14.377498
-14.381184
-14.384865
-14.388540
-14.392211
-14.395875
-14.399535
-14.403189
-14.406838
-14.410481
-14.414119
-14.417752
-14.421379
-14.425001
-14.428618
-14.432229
-14.435835
-14.439436
-14.443031
-14.446622
-14.450206
-14.453786
-14.457360
-14.460929
-14.464493
-14.468052
-14.471605
-14.475153
-14.478696
-14.482233
-14.485765
-14.489292
-14.492814
-14.496331
-14.499842
-14.503348
-14.506849
-14.510345
-14.513835
-14.517321
-14.520801
-14.524276
-14.527745
-14.531210
-14.534670
-14.538124
-14.541573
-14.545017
-14.548456
-14.551889
-14.555318
-14.558741
-14.562160
-14.565573
-14.568981
-14.572384
-14.575782
-14.579174
-14.582562
-14.585945
-14.589322
-14.592694
-14.596062
-14.599424
-14.602781
-14.606133
-14.609480
-14.612822
-14.616159
-14.619491
-14.622818
-14.626140
-14.629457
-14.632769
-14.636075
-14.639377
-14.642674
-14.645966
-14.649252
-14.652534
-14.655811
-14.659083
-14.662350
-14.665612
-14.668869
-14.672121
-14.675368
-14.678610
-14.681847
-14.685079
-14.688306
-14.691529
-14.694746
-14.697959
-14.701166
-14.704369
-14.707567
-14.710759
-14.713947
-14.717131
-14.720309
-14.723482
-14.726651
-14.729814
-14.732973
-14.736127
-14.739276
-14.742420
-14.745559
-14.748694
-14.751823
-14.754948
-14.758068
-14.761183
-14.764294
-14.767399
-14.770500
-14.773596
-14.776687
-14.779773
-14.782855
-14.785932
-14.789004
-14.792071
-14.795134
-14.798191
-14.801244
-14.804293
-14.807336
-14.810375
-14.813409
-14.816438
-14.819463
-14.822483
-14.825498
-14.828508
-14.831514
-14.834515
-14.837511
-14.840503
-14.843490
-14.846472
-14.849450
-14.852422
-14.855391
-14.858354
-14.861313
-14.864267
-14.867217
-14.870162
-14.873102
-14.876038
-14.878969
-14.881896
-14.884818
-14.887735
-14.890648
-14.893556
-14.896459
-14.899358
-14.902252
-14.905142
-14.908027
-14.910907
-14.913783
-14.916655
-14.919522
-14.922384
-14.925242
-14.928095
-14.930943
-14.933788
-14.936627
-14.939462
-14.942293
-14.945119
-14.947940
-14.950757
-14.953570
-14.956378
-14.959181
-14.961980
-14.964775
-14.967565
-14.970350
-14.973132
-14.975908
-14.978680
-14.981448
-14.984212
-14.986970
-14.989725
-14.992475
-14.995220
-14.997961
-15.000698
-15.003431
-15.006158
-15.008882
-15.011601
-15.014316
-15.017026
-15.019732
-15.022433
-15.025130
-15.027823
-15.030512
-15.033196
-15.035875
-15.038551
-15.041222
-15.043888
-15.046551
-15.049209
-15.051862
-15.054512
-15.057157
-15.059797
-15.062434
-15.065066
-15.067693
-15.070317
-15.072936
-15.075551
-15.078161
-15.080768
-15.083370
-15.085968
-15.088561
-15.091150
-15.093735
-15.096316
-15.098893
-15.101465
-15.104033
-15.106597
-15.109156
-15.111711
-15.114263
-15.116810
-15.119352
-15.121891
-15.124425
-15.126955
-15.129481
-15.132003
-15.134520
-15.137034
-15.139543
-15.142048
-15.144549
-15.147045
-15.149538
-15.152026
-15.154511
-15.156991
-15.159467
-15.161939
-15.164406
-15.166870
-15.169329
-15.171785
-15.174236
-15.176683
-15.179126
-15.181565
-15.184000
-15.186431
-15.188858
-15.191280
-15.193699
-15.196113
-15.198524
-15.200930
-15.203333
-15.205731
-15.208125
-15.210515
-15.212902
-15.215284
-15.217662
-15.220036
-15.222406
-15.224772
-15.227134
-15.229492
-15.231846
-15.234196
-15.236543
-15.238885
-15.241223
-15.243557
-15.245887
-15.248213
-15.250536
-15.252854
-15.255168
-15.257479
-15.259785
-15.262088
-15.264386
-15.266681
-15.268972
-15.271258
-15.273541
-15.275820
-15.278095
-15.280366
-15.282634
-15.284897
-15.287156
-15.289412
-15.291664
-15.293912
-15.296156
-15.298396
-15.300632
-15.302864
-15.305093
-15.307317
-15.309538
-15.311755
-15.313968
-15.316178
-15.318383
-15.320585
-15.322783
-15.324977
-15.327167
-15.329353
-15.331536
-15.333715
-15.335890
-15.338061
-15.340228
-15.342392
-15.344552
-15.346708
-15.348860
-15.351009
-15.353154
-15.355295
-15.357432
-15.359566
-15.361696
-15.363822
-15.365944
-15.368063
-15.370178
-15.372289
-15.374397
-15.376500
-15.378600
-15.380697
-15.382789
-15.384878
-15.386964
-15.389045
-15.391123
-15.393198
-15.395268
-15.397335
-15.399398
-15.401458
-15.403514
-15.405566
-15.407615
-15.409660
-15.411701
-15.413739
-15.415773
-15.417804
-15.419831
-15.421854
-15.423874
-15.425890
-15.427902
-15.429911
-15.431916
-15.433918
-15.435916
-15.437911
-15.439902
-15.441889
-15.443873
-15.445853
-15.447830
-15.449803
-15.451773
-15.453739
-15.455701
-15.457660
-15.459616
-15.461567
-15.463516
-15.465461
-15.467402
-15.469340
-15.471274
-15.473205
-15.475132
-15.477056
-15.478976
-15.480893
-15.482807
-15.484717
-15.486623
-15.488526
-15.490425
-15.492321
-15.494214
-15.496103
-15.497989
-15.499871
-15.501750
-15.503625
-15.505497
-15.507365
-15.509231
-15.511092
-15.512950
-15.514805
-15.516657
-15.518505
-15.520349
-15.522190
-15.524028
-15.525863
-15.527694
-15.529521
-15.531346
-15.533167
-15.534984
-15.536799
-15.538609
-15.540417
-15.542221
-15.544022
-15.545819
-15.547613
-15.549404
-15.551192
-15.552976
-15.554757
-15.556534
-15.558308
-15.560079
-15.561847
-15.563611
-15.565372
-15.567130
-15.568884
-15.570636
-15.572383
-15.574128
-15.575869
-15.577607
-15.579342
-15.581074
-15.582802
-15.584527
-15.586249
-15.587967
-15.589683
-15.591395
-15.593104
-15.594809
-15.596512
-15.598211
-15.599907
-15.601600
-15.603289
-15.604975
-15.606659
-15.608339
-15.610015
-15.611689
-15.613359
-15.615027
-15.616691
-15.618352
-15.620009
-15.621664
-15.623315
-15.624964
-15.626609
-15.628251
-15.629889
-15.631525
-15.633158
-15.634787
-15.636413
-15.638037
-15.639657
-15.641274
-15.642887
-15.644498
-15.646106
-15.647710
-15.649312
-15.650910
-15.652505
-15.654098
-15.655687
-15.657273
-15.658856
-15.660436
-15.662013
-15.663586
-15.665157
-15.666725
-15.668289
-15.669851
-15.671410
-15.672965
-15.674518
-15.676067
-15.677614
-15.679157
-15.680698
-15.682235
-15.683769
-15.685301
-15.686829
-15.688355
-15.689877
-15.691396
-15.692913
-15.694426
-15.695937
-15.697444
-15.698949
-15.700451
-15.701949
-15.703445
-15.704938
-15.706428
-15.707914
-15.709398
-15.710879
-15.712357
-15.713832
-15.715305
-15.716774
-15.718240
-15.719704
-15.721164
-15.722622
-15.724077
-15.725529
-15.726977
-15.728424
-15.729867
-15.731307
-15.732744
-15.734179
-15.735611
-15.737039
-15.738465
-15.739888
-15.741309
-15.742726
-15.744141
-15.745552
-15.746961
-15.748367
-15.749770
-15.751171
-15.752568
-15.753963
-15.755355
-15.756744
-15.758130
-15.759514
-15.760894
-15.762272
-15.763647
-15.765019
-15.766389
-15.767756
-15.769120
-15.770481
-15.771839
-15.773195
-15.774548
-15.775898
-15.777245
-15.778590
-15.779931
-15.781270
-15.782607
-15.783940
-15.785271
-15.786599
-15.787925
-15.789248
-15.790568
-15.791885
-15.793199
-15.794511
-15.795820
-15.797127
-15.798431
-15.799732
-15.801030
-15.802326
-15.803619
-15.804909
-15.806197
-15.807482
-15.808764
-15.810044
-15.811320
-15.812595
-15.813866
-15.815136
-15.816402
-15.817666
-15.818927
-15.820185
-15.821441
-15.822694
-15.823945
-15.825193
-15.826438
-15.827681
-15.828921
-15.830159
-15.831394
-15.832626
-15.833856
-15.835083
-15.836307
-15.837529
-15.838749
-15.839966
-15.841180
-15.842392
-15.843601
-15.844807
-15.846011
-15.847213
-15.848412
-15.849608
-15.850802
-15.851993
-15.853182
-15.854368
-15.855552
-15.856733
-15.857911
-15.859088
-15.860261
-15.861432
-15.862601
-15.863767
-15.864930
-15.866092
-15.867250
-15.868406
-15.869560
-15.870711
-15.871860
-15.873006
-15.874150
-15.875291
-15.876430
-15.877566
-15.878700
-15.879831
-15.880960
-15.882087
-15.883211
-15.884332
-15.885452
-15.886568
-15.887683
-15.888795
-15.889904
-15.891011
-15.892116
-15.893218
-15.894318
-15.895415
-15.896510
-15.897603
-15.898693
-15.899781
-15.900867
-15.901950
-15.903030
-15.904109
-15.905185
-15.906258
-15.907329
-15.908398
-15.909465
-15.910529
-15.911591
-15.912650
-15.913707
-15.914762
-15.915814
-15.916865
-15.917912
-15.918958
-15.920001
-15.921042
-15.922080
-15.923116
-15.924150
-15.925182
-15.926211
-15.927238
-15.928262
-15.929285
-15.930305
-15.931323
-15.932338
-15.933351
-15.934362
-15.935371
-15.936377
-15.937381
-15.938383
-15.939383
-15.940380
-15.941375
-15.942368
-15.943359
-15.944347
-15.945333
-15.946317
-15.947299
-15.948278
-15.949255
-15.950230
-15.951203
-15.952174
-15.953142
-15.954108
-15.955072
-15.956034
-15.956993
-15.957951
-15.958906
-15.959859
-15.960809
-15.961758
-15.962704
-15.963649
-15.964591
-15.965530
-15.966468
-15.967404
-15.968337
-15.969268
-15.970197
-15.971124
-15.972049
-15.972972
-15.973892
-15.974811
-15.975727
-15.976641
-15.977553
-15.978463
-15.979371
-15.980276
-15.981180
-15.982081
-15.982981
-15.983878
-15.984773
-15.985666
-15.986557
-15.987446
-15.988333
-15.989217
-15.990100
-15.990980
-15.991859
-15.992735
-15.993610
-15.994482
-15.995352
-15.996220
-15.997086
-15.997950
-15.998812
-15.999672
-16.000530
-16.001386
-16.002240
-16.003092
-16.003941
-16.004789
-16.005635
-16.006478
-16.007320
-16.008160
-16.008998
-16.009833
-16.010667
-16.011499
-16.012328
-16.013156
-16.013982
-16.014805
-16.015627
-16.016447
-16.017265
-16.018080
-16.018894
-16.019706
-16.020516
-16.021324
-16.022130
-16.022934
-16.023736
-16.024536
-16.025334
-16.026130
-16.026925
-16.027717
-16.028508
-16.029296
-16.030083
-16.030867
-16.031650
-16.032431
-16.033210
-16.033987
-16.034762
-16.035535
-16.036306
-16.037076
-16.037843
-16.038609
-16.039373
-16.040134
-16.040894
-16.041652
-16.042409
-16.043163
-16.043915
-16.044666
-16.045415
-16.046162
-16.046907
-16.047650
-16.048391
-16.049131
-16.049868
-16.050604
-16.051338
-16.052070
-16.052800
-16.053529
-16.054255
-16.054980
-16.055703
-16.056424
-16.057143
-16.057861
-16.058577
-16.059291
-16.060003
-16.060713
-16.061422
-16.062128
-16.062833
-16.063536
-16.064238
-16.064937
-16.065635
-16.066331
-16.067025
-16.067718
-16.068409
-16.069098
-16.069785
-16.070470
-16.071154
-16.071836
-16.072516
-16.073194
-16.073871
-16.074546
-16.075219
-16.075891
-16.076561
-16.077229
-16.077895
-16.078559
-16.079222
-16.079883
-16.080543
-16.081201
-16.081857
-16.082511
-16.083164
-16.083815
-16.084464
-16.085111
-16.085757
-16.086401
-16.087044
-16.087685
-16.088324
-16.088961
-16.089597
-16.090231
-16.090864
-16.091494
-16.092124
-16.092751
-16.093377
-16.094001
-16.094624
-16.095244
-16.095864
-16.096481
-16.097097
-16.097712
-16.098324
-16.098935
-16.099545
-16.100153
-16.100759
-16.101363
-16.101966
-16.102568
-16.103167
-16.103766
-16.104362
-16.104957
-16.105550
-16.106142
-16.106732
-16.107321
-16.107908
-16.108493
-16.109077
-16.109660
-16.110240
-16.110819
-16.111397
-16.111973
-16.112547
-16.113120
-16.113692
-16.114261
-16.114830
-16.115396
-16.115961
-16.116525
-16.117087
-16.117647
-16.118206
-16.118764
-16.119320
-16.119874
-16.120427
-16.120978
-16.121528
-16.122076
-16.122623
-16.123169
-16.123712
-16.124255
-16.124795
-16.125335
-16.125873
-16.126409
-16.126944
-16.127477
-16.128009
-16.128539
-16.129068
-16.129595
-16.130121
-16.130646
-16.131169
-16.131690
-16.132210
-16.132729
-16.133246
-16.133762
-16.134276
-16.134789
-16.135300
-16.135810
-16.136319
-16.136826
-16.137331
-16.137836
-16.138338
-16.138840
-16.139340
-16.139838
-16.140335
-16.140831
-16.141325
-16.141818
-16.142309
-16.142799
-16.143288
-16.143775
-16.144261
-16.144745
-16.145228
-16.145710
-16.146190
-16.146669
-16.147147
-16.147623
-16.148097
-16.148571
-16.149043
-16.149513
-16.149983
-16.150451
-16.150917
-16.151382
-16.151846
-16.152309
-16.152770
-16.153229
-16.153688
-16.154145
-16.154601
-16.155055
-16.155508
-16.155960
-16.156410
-16.156860
-16.157307
-16.157754
-16.158199
-16.158643
-16.159085
-16.159526
-16.159966
-16.160405
-16.160842
-16.161278
-16.161713
-16.162146
-16.162578
-16.163009
-16.163439
-16.163867
-16.164294
-16.164720
-16.165144
-16.165567
-16.165989
-16.166410
-16.166829
-16.167247
-16.167664
-16.168079
-16.168494
-16.168907
-16.169319
-16.169729
-16.170138
-16.170546
-16.170953
-16.171359
-16.171763
-16.172166
-16.172568
-16.172969
-16.173368
-16.173766
-16.174163
-16.174559
-16.174954
-16.175347
-16.175739
-16.176130
-16.176520
-16.176908
-16.177295
-16.177681
-16.178066
-16.178450
-16.178833
-16.179214
-16.179594
-16.179973
-16.180351
-16.180727
-16.181103
-16.181477
-16.181850
-16.182222
-16.182593
-16.182962
-16.183331
-16.183698
-16.184064
-16.184429
-16.184793
-16.185156
-16.185517
-16.185877
-16.186237
-16.186595
-16.186952
-16.187307
-16.187662
-16.188016
-16.188368
-16.188719
-16.189069
-16.189418
-16.189766
-16.190113
-16.190459
-16.190803
-16.191147
-16.191489
-16.191831
-16.192171
-16.192510
-16.192848
-16.193185
-16.193520
-16.193855
-16.194189
-16.194521
-16.194853
-16.195183
-16.195512
-16.195840
-16.196168
-16.196494
-16.196819
-16.197143
-16.197465
-16.197787
-16.198108
-16.198428
-16.198746
-16.199064
-16.199380
-16.199696
-16.200010
-16.200324
-16.200636
-16.200947
-16.201258
-16.201567
-16.201875
-16.202182
-16.202488
-16.202793
-16.203098
-16.203401
-16.203703
-16.204004
-16.204304
-16.204603
-16.204901
-16.205198
-16.205494
-16.205789
-16.206083
-16.206376
-16.206668
-16.206959
-16.207249
-16.207538
-16.207826
-16.208113
-16.208399
-16.208684
-16.208969
-16.209252
-16.209534
-16.209815
-16.210095
-16.210375
-16.210653
-16.210930
-16.211207
-16.211482
-16.211757
-16.212030
-16.212303
-16.212574
-16.212845
-16.213115
-16.213384
-16.213652
-16.213919
-16.214185
-16.214450
-16.214714
-16.214977
-16.215239
-16.215501
-16.215761
-16.216021
-16.216279
-16.216537
-16.216794
-16.217049
-16.217304
-16.217558
-16.217812
-16.218064
-16.218315
-16.218566
-16.218815
-16.219064
-16.219311
-16.219558
-16.219804
-16.220049
-16.220294
-16.220537
-16.220779
-16.221021
-16.221262
-16.221501
-16.221740
-16.221979
-16.222216
-16.222452
-16.222688
-16.222922
-16.223156
-16.223389
-16.223621
-16.223852
-16.224083
-16.224312
-16.224541
-16.224769
-16.224996
-16.225222
-16.225447
-16.225672
-16.225895
-16.226118
-16.226340
-16.226561
-16.226781
-16.227001
-16.227220
-16.227437
-16.227655
-16.227871
-16.228086
-16.228301
-16.228515
-16.228728
-16.228940
-16.229151
-16.229362
-16.229572
-16.229781
-16.229989
-16.230196
-16.230403
-16.230609
-16.230814
-16.231018
-16.231221
-16.231424
-16.231626
-16.231827
-16.232028
-16.232227
-16.232426
-16.232624
-16.232821
-16.233018
-16.233214
-16.233409
-16.233603
-16.233797
-16.233989
-16.234181
-16.234372
-16.234563
-16.234753
-16.234942
-16.235130
-16.235317
-16.235504
-16.235690
-16.235876
-16.236060
-16.236244
-16.236427
-16.236610
-16.236791
-16.236972
-16.237152
-16.237332
-16.237511
-16.237689
-16.237866
-16.238043
-16.238219
-16.238394
-16.238568
-16.238742
-16.238915
-16.239088
-16.239259
-16.239430
-16.239601
-16.239770
-16.239939
-16.240108
-16.240275
-16.240442
-16.240608
-16.240774
-16.240938
-16.241103
-16.241266
-16.241429
-16.241591
-16.241752
-16.241913
-16.242073
-16.242233
-16.242392
-16.242550
-16.242707
-16.242864
-16.243020
-16.243176
-16.243331
-16.243485
-16.243638
-16.243791
-16.243944
-16.244095
-16.244246
-16.244396
-16.244546
-16.244695
-16.244844
-16.244991
-16.245139
-16.245285
-16.245431
-16.245576
-16.245721
-16.245865
-16.246009
-16.246151
-16.246294
-16.246435
-16.246576
-16.246716
-16.246856
-16.246995
-16.247134
-16.247272
-16.247409
-16.247546
-16.247682
-16.247818
-16.247952
-16.248087
-16.248221
-16.248354
-16.248486
-16.248618
-16.248750
-16.248881
-16.249011
-16.249140
-16.249270
-16.249398
-16.249526
-16.249653
-16.249780
-16.249906
-16.250032
-16.250157
-16.250282
-16.250406
-16.250529
-16.250652
-16.250774
-16.250896
-16.251017
-16.251138
-16.251258
-16.251377
-16.251496
-16.251615
-16.251733
-16.251850
-16.251967
-16.252083
-16.252199
-16.252314
-16.252429
-16.252543
-16.252656
-16.252769
-16.252882
-16.252994
-16.253105
-16.253216
-16.253327
-16.253437
-16.253546
-16.253655
-16.253764
-16.253871
-16.253979
-16.254086
-16.254192
-16.254298
-16.254403
-16.254508
-16.254612
-16.254716
-16.254820
-16.254922
-16.255025
-16.255127
-16.255228
-16.255329
-16.255429
-16.255529
-16.255628
-16.255727
-16.255826
-16.255924
-16.256021
-16.256118
-16.256215
-16.256311
-16.256406
-16.256502
-16.256596
-16.256690
-16.256784
-16.256877
-16.256970
-16.257062
-16.257154
-16.257246
-16.257337
-16.257427
-16.257517
-16.257607
-16.257696
-16.257785
-16.257873
-16.257961
-16.258048
-16.258135
-16.258221
-16.258307
-16.258393
-16.258478
-16.258563
-16.258647
-16.258731
-16.258814
-16.258897
-16.258980
-16.259062
-16.259143
-16.259225
-16.259305
-16.259386
-16.259466
-16.259545
-16.259625
-16.259703
-16.259782
-16.259860
-16.259937
-16.260014
-16.260091
-16.260167
-16.260243
-16.260319
-16.260394
-16.260468
-16.260543
-16.260616
-16.260690
-16.260763
-16.260836
-16.260908
-16.260980
-16.261051
-16.261123
-16.261193
-16.261264
-16.261334
-16.261403
-16.261472
-16.261541
-16.261610
-16.261678
-16.261745
-16.261813
-16.261880
-16.261946
-16.262012
-16.262078
-16.262144
-16.262209
-16.262274
-16.262338
-16.262402
-16.262466
-16.262529
-16.262592
-16.262654
-16.262717
-16.262778
-16.262840
-16.262901
-16.262962
-16.263022
-16.263083
-16.263142
-16.263202
-16.263261
-16.263320
-16.263378
-16.263436
-16.263494
-16.263551
-16.263608
-16.263665
-16.263721
-16.263777
-16.263833
-16.263888
-16.263944
-16.263998
-16.264053
-16.264107
-16.264161
-16.264214
-16.264267
-16.264320
-16.264372
-16.264425
-16.264477
-16.264528
-16.264579
-16.264630
-16.264681
-16.264731
-16.264781
-16.264831
-16.264880
-16.264929
-16.264978
-16.265027
-16.265075
-16.265123
-16.265170
-16.265218
-16.265265
-16.265311
-16.265358
-16.265404
-16.265450
-16.265495
-16.265540
-16.265585
-16.265630
-16.265675
-16.265719
-16.265762
-16.265806
-16.265849
-16.265892
-16.265935
-16.265978
-16.266020
-16.266062
-16.266103
-16.266145
-16.266186
-16.266227
-16.266267
-16.266307
-16.266347
-16.266387
-16.266427
-16.266466
-16.266505
-16.266544
-16.266582
-16.266620
-16.266658
-16.266696
-16.266733
-16.266771
-16.266807
-16.266844
-16.266881
-16.266917
-16.266953
-16.266988
-16.267024
-16.267059
-16.267094
-16.267129
-16.267163
-16.267198
-16.267232
-16.267265
-16.267299
-16.267332
-16.267365
-16.267398
-16.267431
-16.267463
-16.267495
-16.267527
-16.267559
-16.267590
-16.267622
-16.267653
-16.267683
-16.267714
-16.267744
-16.267775
-16.267804
-16.267834
-16.267864
-16.267893
-16.267922
-16.267951
-16.267979
-16.268008
-16.268036
-16.268064
-16.268092
-16.268119
-16.268147
-16.268174
-16.268201
-16.268228
-16.268254
-16.268281
-16.268307
-16.268333
-16.268359
-16.268384
-16.268410
-16.268435
-16.268460
-16.268485
-16.268509
-16.268534
-16.268558
-16.268582
-16.268606
-16.268630
-16.268653
-16.268676
-16.268699
-16.268722
-16.268745
-16.268768
-16.268790
-16.268812
-16.268834
-16.268856
-16.268878
-16.268899
-16.268921
-16.268942
-16.268963
-16.268984
-16.269004
-16.269025
-16.269045
-16.269065
-16.269085
-16.269105
-16.269125
-16.269144
-16.269163
-16.269183
-16.269202
-16.269220
-16.269239
-16.269258
-16.269276
-16.269294
-16.269312
-16.269330
-16.269348
-16.269365
-16.269383
-16.269400
-16.269417
-16.269434
-16.269451
-16.269468
-16.269484
-16.269501
-16.269517
-16.269533
-16.269549
-16.269565
-16.269580
-16.269596
-16.269611
-16.269627
-16.269642
-16.269657
-16.269672
-16.269686
-16.269701
-16.269715
-16.269730
-16.269744
-16.269758
-16.269772
-16.269785
-16.269799
-16.269813
-16.269826
-16.269839
-16.269852
-16.269865
-16.269878
-16.269891
-16.269904
-16.269916
-16.269929
-16.269941
-16.269953
-16.269965
-16.269977
-16.269989
-16.270000
-16.270012
-16.270024
-16.270035
-16.270046
-16.270057
-16.270068
-16.270079
-16.270090
-16.270101
-16.270111
-16.270122
-16.270132
-16.270142
-16.270152
-16.270162
-16.270172
-16.270182
-16.270192
-16.270201
-16.270211
-16.270220
-16.270230
-16.270239
-16.270248
-16.270257
-16.270266
-16.270275
-16.270283
-16.270292
-16.270301
-16.270309
-16.270317
-16.270326
-16.270334
-16.270342
-16.270350
-16.270358
-16.270365
-16.270373
-16.270381
-16.270388
-16.270396
-16.270403
-16.270410
-16.270418
-16.270425
-16.270432
-16.270439
-16.270446
-16.270452
-16.270459
-16.270466
-16.270472
-16.270479
-16.270485
-16.270491
-16.270498
-16.270504
-16.270510
-16.270516
-16.270522
-16.270528
-16.270533
-16.270539
-16.270545
-16.270550
-16.270556
-16.270561
-16.270567
-16.270572
-16.270577
-16.270582
-16.270587
-16.270592
-16.270597
-16.270602
-16.270607
-16.270612
-16.270616
-16.270621
-16.270626
-16.270630
-16.270635
-16.270639
-16.270643
-16.270648
-16.270652
-16.270656
-16.270660
-16.270664
-16.270668
-16.270672
-16.270676
-16.270680
-16.270683
-16.270687
-16.270691
-16.270694
-16.270698
-16.270701
-16.270705
-16.270708
-16.270712
-16.270715
-16.270718
-16.270721
-16.270724
-16.270727
-16.270731
-16.270734
-16.270736
-16.270739
-16.270742
-16.270745
-16.270748
-16.270751
-16.270753
-16.270756
-16.270758
-16.270761
-16.270763
-16.270766
-16.270768
-16.270771
-16.270773
-16.270775
-16.270778
-16.270780
-16.270782
-16.270784
-16.270786
-16.270788
-16.270790
-16.270792
-16.270794
-16.270796
-16.270798
-16.270800
-16.270802
-16.270804
-16.270806
-16.270807
-16.270809
-16.270811
-16.270812
-16.270814
-16.270815
-16.270817
-16.270818
-16.270820
-16.270821
-16.270823
-16.270824
-16.270826
-16.270827
-16.270828
-16.270830
-16.270831
-16.270832
-16.270833
-16.270834
-16.270836
-16.270837
-16.270838
-16.270839
-16.270840
-16.270841
-16.270842
-16.270843
-16.270844
-16.270845
-16.270846
-16.270847
-16.270848
-16.270849
-16.270849
-16.270850
-16.270851
-16.270852
-16.270853
-16.270853
-16.270854
-16.270855
-16.270855
-16.270856
-16.270857
-16.270857
-16.270858
-16.270859
-16.270859
-16.270860
-16.270860
-16.270861
-16.270861
-16.270862
-16.270862
-16.270863
-16.270863
-16.270864
-16.270864
-16.270865
-16.270865
-16.270866
-16.270866
-16.270866
-16.270867
-16.270867
-16.270867
-16.270868
-16.270868
-16.270868
-16.270869
-16.270869
-16.270869
-16.270870
-16.270870
-16.270870
-16.270870
-16.270871
-16.270871
-16.270871
-16.270871
-16.270871
-16.270872
-16.270872
-16.270872
-16.270872
-16.270872
-16.270873
-16.270873
-16.270873
-16.270873
-16.270873
-16.270873
-16.270873
-16.270873
-16.270874
-16.270874
-16.270874
-16.270874
-16.270874
-16.270874
-16.270874
-16.270874
-16.270874
-16.270874
-16.270874
-16.270875
-16.270875
-16.270875
-16.270875
-16.270875
-16.270875
-16.270875
-16.270875
-16.270875
-16.270875
-16.270875
-16.270875
-16.270875
-16.270875
-16.270875
-16.270875
-16.270875
-16.270875
-16.270875
-16.270875
-16.270875
-16.270875
-16.270875
-16.270875
-16.270875
-16.270875
-16.270875
-16.270875
-16.270875
-16.270875
-16.270875
-16.270875
-16.270875
-16.270875
-16.270875
-16.270875
-16.270875
-16.270875
-16.270875
-16.270875
-16.270875
-16.270875
-16.270875
-16.270875
-16.270875
-16.270875
-16.270875
-16.270875
-16.270875
-16.270875
-16.270875
-16.270875
-16.270875
-16.270875
-16.270875
-16.270875
-16.270875
-16.270875
-16.270875
-16.270875
-16.270875
-16.270875
-16.270875
-16.270875
-16.270875
-16.270875
-16.270875
-16.270875
-16.270875
-16.270875
-16.270875
-16.270875
-16.270875
-16.270875
-16.270875
-16.270875
-16.270875
-16.270875
-16.270875
-16.270875
-16.270875
-16.270875
-16.270875
-16.270875
-16.270875
-16.270875
-16.270875
-16.270875
-16.270875
-16.270875
-16.270875
-16.270875
-16.270875
-16.270875
-16.270875
-16.270875
-16.270875
-16.270875
-16.270875
-16.270875
-16.270875
-16.270875
-16.270875
-16.270875
-16.270875
-16.270875
-16.270875
-16.270874
-16.270874
-16.270874
-16.270874
-16.270874
-16.270874
-16.270874
-16.270874
-16.270874
-16.270874
-16.270874
-16.270873
-16.270873
-16.270873
-16.270873
-16.270873
-16.270873
-16.270873
-16.270873
-16.270872
-16.270872
-16.270872
-16.270872
-16.270872
-16.270871
-16.270871
-16.270871
-16.270871
-16.270871
-16.270870
-16.270870
-16.270870
-16.270870
-16.270869
-16.270869
-16.270869
-16.270868
-16.270868
-16.270868
-16.270867
-16.270867
-16.270867
-16.270866
-16.270866
-16.270866
-16.270865
-16.270865
-16.270864
-16.270864
-16.270863
-16.270863
-16.270862
-16.270862
-16.270861
-16.270861
-16.270860
-16.270860
-16.270859
-16.270859
-16.270858
-16.270857
-16.270857
-16.270856
-16.270855
-16.270855
-16.270854
-16.270853
-16.270853
-16.270852
-16.270851
-16.270850
-16.270849
-16.270849
-16.270848
-16.270847
-16.270846
-16.270845
-16.270844
-16.270843
-16.270842
-16.270841
-16.270840
-16.270839
-16.270838
-16.270837
-16.270836
-16.270834
-16.270833
-16.270832
-16.270831
-16.270830
-16.270828
-16.270827
-16.270826
-16.270824
-16.270823
-16.270821
-16.270820
-16.270818
-16.270817
-16.270815
-16.270814
-16.270812
-16.270811
-16.270809
-16.270807
-16.270806
-16.270804
-16.270802
-16.270800
-16.270798
-16.270796
-16.270794
-16.270792
-16.270790
-16.270788
-16.270786
-16.270784
-16.270782
-16.270780
-16.270778
-16.270775
-16.270773
-16.270771
-16.270768
-16.270766
-16.270763
-16.270761
-16.270758
-16.270756
-16.270753
-16.270751
-16.270748
-16.270745
-16.270742
-16.270739
-16.270736
-16.270734
-16.270731
-16.270727
-16.270724
-16.270721
-16.270718
-16.270715
-16.270712
-16.270708
-16.270705
-16.270701
-16.270698
-16.270694
-16.270691
-16.270687
-16.270683
-16.270680
-16.270676
-16.270672
-16.270668
-16.270664
-16.270660
-16.270656
-16.270652
-16.270648
-16.270643
-16.270639
-16.270635
-16.270630
-16.270626
-16.270621
-16.270616
-16.270612
-16.270607
-16.270602
-16.270597
-16.270592
-16.270587
-16.270582
-16.270577
-16.270572
-16.270567
-16.270561
-16.270556
-16.270550
-16.270545
-16.270539
-16.270533
-16.270528
-16.270522
-16.270516
-16.270510
-16.270504
-16.270498
-16.270491
-16.270485
-16.270479
-16.270472
-16.270466
-16.270459
-16.270452
-16.270446
-16.270439
-16.270432
-16.270425
-16.270418
-16.270410
-16.270403
-16.270396
-16.270388
-16.270381
-16.270373
-16.270365
-16.270358
-16.270350
-16.270342
-16.270334
-16.270326
-16.270317
-16.270309
-16.270301
-16.270292
-16.270283
-16.270275
-16.270266
-16.270257
-16.270248
-16.270239
-16.270230
-16.270220
-16.270211
-16.270201
-16.270192
-16.270182
-16.270172
-16.270162
-16.270152
-16.270142
-16.270132
-16.270122
-16.270111
-16.270101
-16.270090
-16.270079
-16.270068
-16.270057
-16.270046
-16.270035
-16.270024
-16.270012
-16.270000
-16.269989
-16.269977
-16.269965
-16.269953
-16.269941
-16.269929
-16.269916
-16.269904
-16.269891
-16.269878
-16.269865
-16.269852
-16.269839
-16.269826
-16.269813
-16.269799
-16.269785
-16.269772
-16.269758
-16.269744
-16.269730
-16.269715
-16.269701
-16.269686
-16.269672
-16.269657
-16.269642
-16.269627
-16.269611
-16.269596
-16.269580
-16.269565
-16.269549
-16.269533
-16.269517
-16.269501
-16.269484
-16.269468
-16.269451
-16.269434
-16.269417
-16.269400
-16.269383
-16.269365
-16.269348
-16.269330
-16.269312
-16.269294
-16.269276
-16.269258
-16.269239
-16.269220
-16.269202
-16.269183
-16.269163
-16.269144
-16.269125
-16.269105
-16.269085
-16.269065
-16.269045
-16.269025
-16.269004
-16.268984
-16.268963
-16.268942
-16.268921
-16.268899
-16.268878
-16.268856
-16.268834
-16.268812
-16.268790
-16.268768
-16.268745
-16.268722
-16.268699
-16.268676
-16.268653
-16.268630
-16.268606
-16.268582
-16.268558
-16.268534
-16.268509
-16.268485
-16.268460
-16.268435
-16.268410
-16.268384
-16.268359
-16.268333
-16.268307
-16.268281
-16.268254
-16.268228
-16.268201
-16.268174
-16.268147
-16.268119
-16.268092
-16.268064
-16.268036
-16.268008
-16.267979
-16.267951
-16.267922
-16.267893
-16.267864
-16.267834
-16.267804
-16.267775
-16.267744
-16.267714
-16.267683
-16.267653
-16.267622
-16.267590
-16.267559
-16.267527
-16.267495
-16.267463
-16.267431
-16.267398
-16.267365
-16.267332
-16.267299
-16.267265
-16.267232
-16.267198
-16.267163
-16.267129
-16.267094
-16.267059
-16.267024
-16.266988
-16.266953
-16.266917
-16.266881
-16.266844
-16.266807
-16.266771
-16.266733
-16.266696
-16.266658
-16.266620
-16.266582
-16.266544
-16.266505
-16.266466
-16.266427
-16.266387
-16.266347
-16.266307
-16.266267
-16.266227
-16.266186
-16.266145
-16.266103
-16.266062
-16.266020
-16.265978
-16.265935
-16.265892
-16.265849
-16.265806
-16.265762
-16.265719
-16.265675
-16.265630
-16.265585
-16.265540
-16.265495
-16.265450
-16.265404
-16.265358
-16.265311
-16.265265
-16.265218
-16.265170
-16.265123
-16.265075
-16.265027
-16.264978
-16.264929
-16.264880
-16.264831
-16.264781
-16.264731
-16.264681
-16.264630
-16.264579
-16.264528
-16.264477
-16.264425
-16.264372
-16.264320
-16.264267
-16.264214
-16.264161
-16.264107
-16.264053
-16.263998
-16.263944
-16.263888
-16.263833
-16.263777
-16.263721
-16.263665
-16.263608
-16.263551
-16.263494
-16.263436
-16.263378
-16.263320
-16.263261
-16.263202
-16.263142
-16.263083
-16.263022
-16.262962
-16.262901
-16.262840
-16.262778
-16.262717
-16.262654
-16.262592
-16.262529
-16.262466
-16.262402
-16.262338
-16.262274
-16.262209
-16.262144
-16.262078
-16.262012
-16.261946
-16.261880
-16.261813
-16.261745
-16.261678
-16.261610
-16.261541
-16.261472
-16.261403
-16.261334
-16.261264
-16.261193
-16.261123
-16.261051
-16.260980
-16.260908
-16.260836
-16.260763
-16.260690
-16.260616
-16.260543
-16.260468
-16.260394
-16.260319
-16.260243
-16.260167
-16.260091
-16.260014
-16.259937
-16.259860
-16.259782
-16.259703
-16.259625
-16.259545
-16.259466
-16.259386
-16.259305
-16.259225
-16.259143
-16.259062
-16.258980
-16.258897
-16.258814
-16.258731
-16.258647
-16.258563
-16.258478
-16.258393
-16.258307
-16.258221
-16.258135
-16.258048
-16.257961
-16.257873
-16.257785
-16.257696
-16.257607
-16.257517
-16.257427
-16.257337
-16.257246
-16.257154
-16.257062
-16.256970
-16.256877
-16.256784
-16.256690
-16.256596
-16.256502
-16.256406
-16.256311
-16.256215
-16.256118
-16.256021
-16.255924
-16.255826
-16.255727
-16.255628
-16.255529
-16.255429
-16.255329
-16.255228
-16.255127
-16.255025
-16.254922
-16.254820
-16.254716
-16.254612
-16.254508
-16.254403
-16.254298
-16.254192
-16.254086
-16.253979
-16.253871
-16.253764
-16.253655
-16.253546
-16.253437
-16.253327
-16.253216
-16.253105
-16.252994
-16.252882
-16.252769
-16.252656
-16.252543
-16.252429
-16.252314
-16.252199
-16.252083
-16.251967
-16.251850
-16.251733
-16.251615
-16.251496
-16.251377
-16.251258
-16.251138
-16.251017
-16.250896
-16.250774
-16.250652
-16.250529
-16.250406
-16.250282
-16.250157
-16.250032
-16.249906
-16.249780
-16.249653
-16.249526
-16.249398
-16.249270
-16.249140
-16.249011
-16.248881
-16.248750
-16.248618
-16.248486
-16.248354
-16.248221
-16.248087
-16.247952
-16.247818
-16.247682
-16.247546
-16.247409
-16.247272
-16.247134
-16.246995
-16.246856
-16.246716
-16.246576
-16.246435
-16.246294
-16.246151
-16.246009
-16.245865
-16.245721
-16.245576
-16.245431
-16.245285
-16.245139
-16.244991
-16.244844
-16.244695
-16.244546
-16.244396
-16.244246
-16.244095
-16.243944
-16.243791
-16.243638
-16.243485
-16.243331
-16.243176
-16.243020
-16.242864
-16.242707
-16.242550
-16.242392
-16.242233
-16.242073
-16.241913
-16.241752
-16.241591
-16.241429
-16.241266
-16.241103
-16.240938
-16.240774
-16.240608
-16.240442
-16.240275
-16.240108
-16.239939
-16.239770
-16.239601
-16.239430
-16.239259
-16.239088
-16.238915
-16.238742
-16.238568
-16.238394
-16.238219
-16.238043
-16.237866
-16.237689
-16.237511
-16.237332
-16.237152
-16.236972
-16.236791
-16.236610
-16.236427
-16.236244
-16.236060
-16.235876
-16.235690
-16.235504
-16.235317
-16.235130
-16.234942
-16.234753
-16.234563
-16.234372
-16.234181
-16.233989
-16.233797
-16.233603
-16.233409
-16.233214
-16.233018
-16.232821
-16.232624
-16.232426
-16.232227
-16.232028
-16.231827
-16.231626
-16.231424
-16.231221
-16.231018
-16.230814
-16.230609
-16.230403
-16.230196
-16.229989
-16.229781
-16.229572
-16.229362
-16.229151
-16.228940
-16.228728
-16.228515
-16.228301
-16.228086
-16.227871
-16.227655
-16.227437
-16.227220
-16.227001
-16.226781
-16.226561
-16.226340
-16.226118
-16.225895
-16.225672
-16.225447
-16.225222
-16.224996
-16.224769
-16.224541
-16.224312
-16.224083
-16.223852
-16.223621
-16.223389
-16.223156
-16.222922
-16.222688
-16.222452
-16.222216
-16.221979
-16.221740
-16.221501
-16.221262
-16.221021
-16.220779
-16.220537
-16.220294
-16.220049
-16.219804
-16.219558
-16.219311
-16.219064
-16.218815
-16.218566
-16.218315
-16.218064
-16.217812
-16.217558
-16.217304
-16.217049
-16.216794
-16.216537
-16.216279
-16.216021
-16.215761
-16.215501
-16.215239
-16.214977
-16.214714
-16.214450
-16.214185
-16.213919
-16.213652
-16.213384
-16.213115
-16.212845
-16.212574
-16.212303
-16.212030
-16.211757
-16.211482
-16.211207
-16.210930
-16.210653
-16.210375
-16.210095
-16.209815
-16.209534
-16.209252
-16.208969
-16.208684
-16.208399
-16.208113
-16.207826
-16.207538
-16.207249
-16.206959
-16.206668
-16.206376
-16.206083
-16.205789
-16.205494
-16.205198
-16.204901
-16.204603
-16.204304
-16.204004
-16.203703
-16.203401
-16.203098
-16.202793
-16.202488
-16.202182
-16.201875
-16.201567
-16.201258
-16.200947
-16.200636
-16.200324
-16.200010
-16.199696
-16.199380
-16.199064
-16.198746
-16.198428
-16.198108
-16.197787
-16.197465
-16.197143
-16.196819
-16.196494
-16.196168
-16.195840
-16.195512
-16.195183
-16.194853
-16.194521
-16.194189
-16.193855
-16.193520
-16.193185
-16.192848
-16.192510
-16.192171
-16.191831
-16.191489
-16.191147
-16.190803
-16.190459
-16.190113
-16.189766
-16.189418
-16.189069
-16.188719
-16.188368
-16.188016
-16.187662
-16.187307
-16.186952
-16.186595
-16.186237
-16.185877
-16.185517
-16.185156
-16.184793
-16.184429
-16.184064
-16.183698
-16.183331
-16.182962
-16.182593
-16.182222
-16.181850
-16.181477
-16.181103
-16.180727
-16.180351
-16.179973
-16.179594
-16.179214
-16.178833
-16.178450
-16.178066
-16.177681
-16.177295
-16.176908
-16.176520
-16.176130
-16.175739
-16.175347
-16.174954
-16.174559
-16.174163
-16.173766
-16.173368
-16.172969
-16.172568
-16.172166
-16.171763
-16.171359
-16.170953
-16.170546
-16.170138
-16.169729
-16.169319
-16.168907
-16.168494
-16.168079
-16.167664
-16.167247
-16.166829
-16.166410
-16.165989
-16.165567
-16.165144
-16.164720
-16.164294
-16.163867
-16.163439
-16.163009
-16.162578
-16.162146
-16.161713
-16.161278
-16.160842
-16.160405
-16.159966
-16.159526
-16.159085
-16.158643
-16.158199
-16.157754
-16.157307
-16.156860
-16.156410
-16.155960
-16.155508
-16.155055
-16.154601
-16.154145
-16.153688
-16.153229
-16.152770
-16.152309
-16.151846
-16.151382
-16.150917
-16.150451
-16.149983
-16.149513
-16.149043
-16.148571
-16.148097
-16.147623
-16.147147
-16.146669
-16.146190
-16.145710
-16.145228
-16.144745
-16.144261
-16.143775
-16.143288
-16.142799
-16.142309
-16.141818
-16.141325
-16.140831
-16.140335
-16.139838
-16.139340
-16.138840
-16.138338
-16.137836
-16.137331
-16.136826
-16.136319
-16.135810
-16.135300
-16.134789
-16.134276
-16.133762
-16.133246
-16.132729
-16.132210
-16.131690
-16.131169
-16.130646
-16.130121
-16.129595
-16.129068
-16.128539
-16.128009
-16.127477
-16.126944
-16.126409
-16.125873
-16.125335
-16.124795
-16.124255
-16.123712
-16.123169
-16.122623
-16.122076
-16.121528
-16.120978
-16.120427
-16.119874
-16.119320
-16.118764
-16.118206
-16.117647
-16.117087
-16.116525
-16.115961
-16.115396
-16.114830
-16.114261
-16.113692
-16.113120
-16.112547
-16.111973
-16.111397
-16.110819
-16.110240
-16.109660
-16.109077
-16.108493
-16.107908
-16.107321
-16.106732
-16.106142
-16.105550
-16.104957
-16.104362
-16.103766
-16.103167
-16.102568
-16.101966
-16.101363
-16.100759
-16.100153
-16.099545
-16.098935
-16.098324
-16.097712
-16.097097
-16.096481
-16.095864
-16.095244
-16.094624
-16.094001
-16.093377
-16.092751
-16.092124
-16.091494
-16.090864
-16.090231
-16.089597
-16.088961
-16.088324
-16.087685
-16.087044
-16.086401
-16.085757
-16.085111
-16.084464
-16.083815
-16.083164
-16.082511
-16.081857
-16.081201
-16.080543
-16.079883
-16.079222
-16.078559
-16.077895
-16.077229
-16.076561
-16.075891
-16.075219
-16.074546
-16.073871
-16.073194
-16.072516
-16.071836
-16.071154
-16.070470
-16.069785
-16.069098
-16.068409
-16.067718
-16.067025
-16.066331
-16.065635
-16.064937
-16.064238
-16.063536
-16.062833
-16.062128
-16.061422
-16.060713
-16.060003
-16.059291
-16.058577
-16.057861
-16.057143
-16.056424
-16.055703
-16.054980
-16.054255
-16.053529
-16.052800
-16.052070
-16.051338
-16.050604
-16.049868
-16.049131
-16.048391
-16.047650
-16.046907
-16.046162
-16.045415
-16.044666
-16.043915
-16.043163
-16.042409
-16.041652
-16.040894
-16.040134
-16.039373
-16.038609
-16.037843
-16.037076
-16.036306
-16.035535
-16.034762
-16.033987
-16.033210
-16.032431
-16.031650
-16.030867
-16.030083
-16.029296
-16.028508
-16.027717
-16.026925
-16.026130
-16.025334
-16.024536
-16.023736
-16.022934
-16.022130
-16.021324
-16.020516
-16.019706
-16.018894
-16.018080
-16.017265
-16.016447
-16.015627
-16.014805
-16.013982
-16.013156
-16.012328
-16.011499
-16.010667
-16.009833
-16.008998
-16.008160
-16.007320
-16.006478
-16.005635
-16.004789
-16.003941
-16.003092
-16.002240
-16.001386
-16.000530
-15.999672
-15.998812
-15.997950
-15.997086
-15.996220
-15.995352
-15.994482
-15.993610
-15.992735
-15.991859
-15.990980
-15.990100
-15.989217
-15.988333
-15.987446
-15.986557
-15.985666
-15.984773
-15.983878
-15.982981
-15.982081
-15.981180
-15.980276
-15.979371
-15.978463
-15.977553
-15.976641
-15.975727
-15.974811
-15.973892
-15.972972
-15.972049
-15.971124
-15.970197
-15.969268
-15.968337
-15.967404
-15.966468
-15.965530
-15.964591
-15.963649
-15.962704
-15.961758
-15.960809
-15.959859
-15.958906
-15.957951
-15.956993
-15.956034
-15.955072
-15.954108
-15.953142
-15.952174
-15.951203
-15.950230
-15.949255
-15.948278
-15.947299
-15.946317
-15.945333
-15.944347
-15.943359
-15.942368
-15.941375
-15.940380
-15.939383
-15.938383
-15.937381
-15.936377
-15.935371
-15.934362
-15.933351
-15.932338
-15.931323
-15.930305
-15.929285
-15.928262
-15.927238
-15.926211
-15.925182
-15.924150
-15.923116
-15.922080
-15.921042
-15.920001
-15.918958
-15.917912
-15.916865
-15.915814
-15.914762
-15.913707
-15.912650
-15.911591
-15.910529
-15.909465
-15.908398
-15.907329
-15.906258
-15.905185
-15.904109
-15.903030
-15.901950
-15.900867
-15.899781
-15.898693
-15.897603
-15.896510
-15.895415
-15.894318
-15.893218
-15.892116
-15.891011
-15.889904
-15.888795
-15.887683
-15.886568
-15.885452
-15.884332
-15.883211
-15.882087
-15.880960
-15.879831
-15.878700
-15.877566
-15.876430
-15.875291
-15.874150
-15.873006
-15.871860
-15.870711
-15.869560
-15.868406
-15.867250
-15.866092
-15.864930
-15.863767
-15.862601
-15.861432
-15.860261
-15.859088
-15.857911
-15.856733
-15.855552
-15.854368
-15.853182
-15.851993
-15.850802
-15.849608
-15.848412
-15.847213
-15.846011
-15.844807
-15.843601
-15.842392
-15.841180
-15.839966
-15.838749
-15.837529
-15.836307
-15.835083
-15.833856
-15.832626
-15.831394
-15.830159
-15.828921
-15.827681
-15.826438
-15.825193
-15.823945
-15.822694
-15.821441
-15.820185
-15.818927
-15.817666
-15.816402
-15.815136
-15.813866
-15.812595
-15.811320
-15.810044
-15.808764
-15.807482
-15.806197
-15.804909
-15.803619
-15.802326
-15.801030
-15.799732
-15.798431
-15.797127
-15.795820
-15.794511
-15.793199
-15.791885
-15.790568
-15.789248
-15.787925
-15.786599
-15.785271
-15.783940
-15.782607
-15.781270
-15.779931
-15.778590
-15.777245
-15.775898
-15.774548
-15.773195
-15.771839
-15.770481
-15.769120
-15.767756
-15.766389
-15.765019
-15.763647
-15.762272
-15.760894
-15.759514
-15.758130
-15.756744
-15.755355
-15.753963
-15.752568
-15.751171
-15.749770
-15.748367
-15.746961
-15.745552
-15.744141
-15.742726
-15.741309
-15.739888
-15.738465
-15.737039
-15.735611
-15.734179
-15.732744
-15.731307
-15.729867
-15.728424
-15.726977
-15.725529
-15.724077
-15.722622
-15.721164
-15.719704
-15.718240
-15.716774
-15.715305
-15.713832
-15.712357
-15.710879
-15.709398
-15.707914
-15.706428
-15.704938
-15.703445
-15.701949
-15.700451
-15.698949
-15.697444
-15.695937
-15.694426
-15.692913
-15.691396
-15.689877
-15.688355
-15.686829
-15.685301
-15.683769
-15.682235
-15.680698
-15.679157
-15.677614
-15.676067
-15.674518
-15.672965
-15.671410
-15.669851
-15.668289
-15.666725
-15.665157
-15.663586
-15.662013
-15.660436
-15.658856
-15.657273
-15.655687
-15.654098
-15.652505
-15.650910
-15.649312
-15.647710
-15.646106
-15.644498
-15.642887
-15.641274
-15.639657
-15.638037
-15.636413
-15.634787
-15.633158
-15.631525
-15.629889
-15.628251
-15.626609
-15.624964
-15.623315
-15.621664
-15.620009
-15.618352
-15.616691
-15.615027
-15.613359
-15.611689
-15.610015
-15.608339
-15.606659
-15.604975
-15.603289
-15.601600
-15.599907
-15.598211
-15.596512
-15.594809
-15.593104
-15.591395
-15.589683
-15.587967
-15.586249
-15.584527
-15.582802
-15.581074
-15.579342
-15.577607
-15.575869
-15.574128
-15.572383
-15.570636
-15.568884
-15.567130
-15.565372
-15.563611
-15.561847
-15.560079
-15.558308
-15.556534
-15.554757
-15.552976
-15.551192
-15.549404
-15.547613
-15.545819
-15.544022
-15.542221
-15.540417
-15.538609
-15.536799
-15.534984
-15.533167
-15.531346
-15.529521
-15.527694
-15.525863
-15.524028
-15.522190
-15.520349
-15.518505
-15.516657
-15.514805
-15.512950
-15.511092
-15.509231
-15.507365
-15.505497
-15.503625
-15.501750
-15.499871
-15.497989
-15.496103
-15.494214
-15.492321
-15.490425
-15.488526
-15.486623
-15.484717
-15.482807
-15.480893
-15.478976
-15.477056
-15.475132
-15.473205
-15.471274
-15.469340
-15.467402
-15.465461
-15.463516
-15.461567
-15.459616
-15.457660
-15.455701
-15.453739
-15.451773
-15.449803
-15.447830
-15.445853
-15.443873
-15.441889
-15.439902
-15.437911
-15.435916
-15.433918
-15.431916
-15.429911
-15.427902
-15.425890
-15.423874
-15.421854
-15.419831
-15.417804
-15.415773
-15.413739
-15.411701
-15.409660
-15.407615
-15.405566
-15.403514
-15.401458
-15.399398
-15.397335
-15.395268
-15.393198
-15.391123
-15.389045
-15.386964
-15.384878
-15.382789
-15.380697
-15.378600
-15.376500
-15.374397
-15.372289
-15.370178
-15.368063
-15.365944
-15.363822
-15.361696
-15.359566
-15.357432
-15.355295
-15.353154
-15.351009
-15.348860
-15.346708
-15.344552
-15.342392
-15.340228
-15.338061
-15.335890
-15.333715
-15.331536
-15.329353
-15.327167
-15.324977
-15.322783
-15.320585
-15.318383
-15.316178
-15.313968
-15.311755
-15.309538
-15.307317
-15.305093
-15.302864
-15.300632
-15.298396
-15.296156
-15.293912
-15.291664
-15.289412
-15.287156
-15.284897
-15.282634
-15.280366
-15.278095
-15.275820
-15.273541
-15.271258
-15.268972
-15.266681
-15.264386
-15.262088
-15.259785
-15.257479
-15.255168
-15.252854
-15.250536
-15.248213
-15.245887
-15.243557
-15.241223
-15.238885
-15.236543
-15.234196
-15.231846
-15.229492
-15.227134
-15.224772
-15.222406
-15.220036
-15.217662
-15.215284
-15.212902
-15.210515
-15.208125
-15.205731
-15.203333
-15.200930
-15.198524
-15.196113
-15.193699
-15.191280
-15.188858
-15.186431
-15.184000
-15.181565
-15.179126
-15.176683
-15.174236
-15.171785
-15.169329
-15.166870
-15.164406
-15.161939
-15.159467
-15.156991
-15.154511
-15.152026
-15.149538
-15.147045
-15.144549
-15.142048
-15.139543
-15.137034
-15.134520
-15.132003
-15.129481
-15.126955
-15.124425
-15.121891
-15.119352
-15.116810
-15.114263
-15.111711
-15.109156
-15.106597
-15.104033
-15.101465
-15.098893
-15.096316
-15.093735
-15.091150
-15.088561
-15.085968
-15.083370
-15.080768
-15.078161
-15.075551
-15.072936
-15.070317
-15.067693
-15.065066
-15.062434
-15.059797
-15.057157
-15.054512
-15.051862
-15.049209
-15.046551
-15.043888
-15.041222
-15.038551
-15.035875
-15.033196
-15.030512
-15.027823
-15.025130
-15.022433
-15.019732
-15.017026
-15.014316
-15.011601
-15.008882
-15.006158
-15.003431
-15.000698
-14.997961
-14.995220
-14.992475
-14.989725
-14.986970
-14.984212
-14.981448
-14.978680
-14.975908
-14.973132
-14.970350
-14.967565
-14.964775
-14.961980
-14.959181
-14.956378
-14.953570
-14.950757
-14.947940
-14.945119
-14.942293
-14.939462
-14.936627
-14.933788
-14.930943
-14.928095
-14.925242
-14.922384
-14.919522
-14.916655
-14.913783
-14.910907
-14.908027
-14.905142
-14.902252
-14.899358
-14.896459
-14.893556
-14.890648
-14.887735
-14.884818
-14.881896
-14.878969
-14.876038
-14.873102
-14.870162
-14.867217
-14.864267
-14.861313
-14.858354
-14.855391
-14.852422
-14.849450
-14.846472
-14.843490
-14.840503
-14.837511
-14.834515
-14.831514
-14.828508
-14.825498
-14.822483
-14.819463
-14.816438
-14.813409
-14.810375
-14.807336
-14.804293
-14.801244
-14.798191
-14.795134
-14.792071
-14.789004
-14.785932
-14.782855
-14.779773
-14.776687
-14.773596
-14.770500
-14.767399
-14.764294
-14.761183
-14.758068
-14.754948
-14.751823
-14.748694
-14.745559
-14.742420
-14.739276
-14.736127
-14.732973
-14.729814
-14.726651
-14.723482
-14.720309
-14.717131
-14.713947
-14.710759
-14.707567
-14.704369
-14.701166
-14.697959
-14.694746
-14.691529
-14.688306
-14.685079
-14.681847
-14.678610
-14.675368
-14.672121
-14.668869
-14.665612
-14.662350
-14.659083
-14.655811
-14.652534
-14.649252
-14.645966
-14.642674
-14.639377
-14.636075
-14.632769
-14.629457
-14.626140
-14.622818
-14.619491
-14.616159
-14.612822
-14.609480
-14.606133
-14.602781
-14.599424
-14.596062
-14.592694
-14.589322
-14.585945
-14.582562
-14.579174
-14.575782
-14.572384
-14.568981
-14.565573
-14.562160
-14.558741
-14.555318
-14.551889
-14.548456
-14.545017
-14.541573
-14.538124
-14.534670
-14.531210
-14.527745
-14.524276
-14.520801
-14.517321
-14.513835
-14.510345
-14.506849
-14.503348
-14.499842
-14.496331
-14.492814
-14.489292
-14.485765
-14.482233
-14.478696
-14.475153
-14.471605
-14.468052
-14.464493
-14.460929
-14.457360
-14.453786
-14.450206
-14.446622
-14.443031
-14.439436
-14.435835
-14.432229
-14.428618
-14.425001
-14.421379
-14.417752
-14.414119
-14.410481
-14.406838
-14.403189
-14.399535
-14.395875
-14.392211
-14.388540
-14.384865
-14.381184
-14.377498
-14.373806
-14.370109
-14.366406
-14.362698
-14.358985
-14.355266
-14.351542
-14.347813
-14.344078
-14.340337
-14.336591
-14.332840
-14.329083
-14.325321
-14.321553
-14.317780
-14.314001
-14.310217
-14.306428
-14.302633
-14.298832
-14.295026
-14.291214
-14.287397
-14.283574
-14.279746
-14.275913
-14.272073
-14.268229
-14.264378
-14.260522
-14.256661
-14.252794
-14.248921
-14.245043
-14.241160
-14.237270
-14.233375
-14.229475
-14.225569
-14.221657
-14.217740
-14.213817
-14.209889
-14.205955
-14.202015
-14.198069
-14.194118
-14.190162
-14.186199
-14.182231
-14.178258
-14.174279
-14.170294
-14.166303
-14.162307
-14.158305
-14.154297
-14.150283
-14.146264
-14.142239
-14.138209
-14.134173
-14.130131
-14.126083
-14.122029
-14.117970
-14.113905
-14.109834
-14.105758
-14.101676
-14.097588
-14.093494
-14.089394
-14.085289
-14.081178
-14.077061
-14.072938
-14.068810
-14.064675
-14.060535
-14.056389
-14.052237
-14.048080
-14.043916
-14.039747
-14.035572
-14.031391
-14.027204
-14.023011
-14.018812
-14.014608
-14.010397
-14.006181
-14.001959
-13.997730
-13.993496
-13.989256
-13.985011
-13.980759
-13.976501
-13.972237
-13.967968
-13.963692
-13.959411
-13.955123
-13.950830
-13.946531
-13.942225
-13.937914
-13.933597
-13.929273
-13.924944
-13.920609
-13.916268
-13.911920
-13.907567
-13.903208
-13.898842
-13.894471
-13.890093
-13.885710
-13.881320
-13.876925
-13.872523
-13.868115
-13.863702
-13.859282
-13.854856
-13.850424
-13.845986
-13.841541
-13.837091
-13.832635
-13.828172
-13.823703
-13.819228
-13.814748
-13.810260
-13.805767
-13.801268
-13.796762
-13.792250
-13.787733
-13.783209
-13.778678
-13.774142
-13.769599
-13.765050
-13.760495
-13.755934
-13.751367
-13.746793
-13.742213
-13.737627
-13.733035
-13.728436
-13.723831
-13.719220
-13.714603
-13.709979
-13.705350
-13.700713
-13.696071
-13.691422
-13.686767
-13.682106
-13.677438
-13.672764
-13.668084
-13.663398
-13.658705
-13.654006
-13.649300
-13.644588
-13.639870
-13.635145
-13.630414
-13.625677
-13.620933
-13.616183
-13.611427
-13.606664
-13.601895
-13.597119
-13.592337
-13.587549
-13.582754
-13.577953
-13.573145
-13.568331
-13.563510
-13.558683
-13.553850
-13.549010
-13.544163
-13.539310
-13.534451
-13.529585
-13.524713
-13.519834
-13.514949
-13.510057
-13.505159
-13.500254
-13.495342
-13.490425
-13.485500
-13.480569
-13.475632
-13.470688
-13.465737
-13.460780
-13.455816
-13.450846
-13.445869
-13.440885
-13.435895
-13.430899
-13.425895
-13.420886
-13.415869
-13.410846
-13.405816
-13.400780
-13.395737
-13.390687
-13.385631
-13.380568
-13.375498
-13.370422
-13.365339
-13.360250
-13.355153
-13.350050
-13.344941
-13.339824
-13.334701
-13.329571
-13.324435
-13.319292
-13.314142
-13.308985
-13.303821
-13.298651
-13.293474
-13.288291
-13.283100
-13.277903
-13.272699
-13.267488
-13.262270
-13.257046
-13.251815
-13.246577
-13.241332
-13.236080
-13.230822
-13.225556
-13.220284
-13.215005
-13.209719
-13.204427
-13.199127
-13.193821
-13.188508
-13.183187
-13.177860
-13.172526
-13.167186
-13.161838
-13.156483
-13.151122
-13.145753
-13.140378
-13.134996
-13.129606
-13.124210
-13.118807
-13.113397
-13.107980
-13.102556
-13.097125
-13.091687
-13.086242
-13.080790
-13.075331
-13.069865
-13.064392
-13.058912
-13.053425
-13.047931
-13.042430
-13.036921
-13.031406
-13.025884
-13.020355
-13.014819
-13.009275
-13.003725
-12.998167
-12.992602
-12.987031
-12.981452
-12.975866
-12.970273
-12.964673
-12.959065
-12.953451
-12.947829
-12.942201
-12.936565
-12.930922
-12.925272
-12.919614
-12.913950
-12.908278
-12.902599
-12.896913
-12.891220
-12.885520
-12.879812
-12.874097
-12.868375
-12.862646
-12.856909
-12.851165
-12.845414
-12.839656
-12.833890
-12.828118
-12.822338
-12.816550
-12.810756
-12.804954
-12.799144
-12.793328
-12.787504
-12.781673
-12.775835
-12.769989
-12.764136
-12.758275
-12.752407
-12.746532
-12.740650
-12.734760
-12.728863
-12.722958
-12.717046
-12.711127
-12.705200
-12.699266
-12.693324
-12.687375
-12.681419
-12.675455
-12.669484
-12.663505
-12.657519
-12.651526
-12.645525
-12.639516
-12.633500
-12.627477
-12.621446
-12.615408
-12.609362
-12.603309
-12.597248
-12.591180
-12.585104
-12.579020
-12.572929
-12.566831
-12.560725
-12.554611
-12.548490
-12.542362
-12.536225
-12.530082
-12.523930
-12.517771
-12.511605
-12.505431
-12.499249
-12.493060
-12.486863
-12.480658
-12.474446
-12.468226
-12.461999
-12.455764
-12.449521
-12.443270
-12.437012
-12.430746
-12.424473
-12.418192
-12.411903
-12.405607
-12.399302
-12.392990
-12.386671
-12.380344
-12.374008
-12.367666
-12.361315
-12.354957
-12.348591
-12.342217
-12.335835
-12.329446
-12.323049
-12.316644
-12.310231
-12.303811
-12.297382
-12.290946
-12.284502
-12.278051
-12.271591
-12.265124
-12.258648
-12.252165
-12.245674
-12.239176
-12.232669
-12.226154
-12.219632
-12.213102
-12.206563
-12.200017
-12.193463
-12.186901
-12.180332
-12.173754
-12.167168
-12.160574
-12.153973
-12.147363
-12.140746
-12.134120
-12.127487
-12.120846
-12.114196
-12.107539
-12.100874
-12.094200
-12.087519
-12.080830
-12.074132
-12.067427
-12.060713
-12.053992
-12.047262
-12.040525
-12.033779
-12.027026
-12.020264
-12.013494
-12.006716
-11.999930
-11.993136
-11.986334
-11.979523
-11.972705
-11.965878
-11.959044
-11.952201
-11.945350
-11.938491
-11.931624
-11.924748
-11.917865
-11.910973
-11.904073
-11.897165
-11.890248
-11.883324
-11.876391
-11.869450
-11.862501
-11.855544
-11.848578
-11.841604
-11.834622
-11.827632
-11.820633
-11.813626
-11.806611
-11.799588
-11.792556
-11.785516
-11.778468
-11.771411
-11.764346
-11.757273
-11.750191
-11.743102
-11.736003
-11.728897
-11.721782
-11.714659
-11.707527
-11.700387
-11.693239
-11.686082
-11.678917
-11.671743
-11.664561
-11.657371
-11.650172
-11.642965
-11.635749
-11.628525
-11.621293
-11.614052
-11.606803
-11.599545
-11.592278
-11.585004
-11.577720
-11.570429
-11.563128
-11.555820
-11.548502
-11.541177
-11.533842
-11.526500
-11.519148
-11.511788
-11.504420
-11.497043
-11.489657
-11.482263
-11.474861
-11.467449
-11.460029
-11.452601
-11.445164
-11.437718
-11.430264
-11.422801
-11.415330
-11.407849
-11.400361
-11.392863
-11.385357
-11.377842
-11.370319
-11.362787
-11.355246
-11.347697
-11.340139
-11.332572
-11.324996
-11.317412
-11.309819
-11.302217
-11.294607
-11.286988
-11.279360
-11.271723
-11.264078
-11.256424
-11.248761
-11.241089
-11.233408
-11.225719
-11.218021
-11.210314
-11.202598
-11.194874
-11.187140
-11.179398
-11.171647
-11.163887
-11.156118
-11.148341
-11.140554
-11.132759
-11.124955
-11.117142
-11.109320
-11.101489
-11.093649
-11.085800
-11.077942
-11.070076
-11.062200
-11.054316
-11.046422
-11.038520
-11.030609
-11.022688
-11.014759
-11.006821
-10.998874
-10.990917
-10.982952
-10.974978
-10.966995
-10.959002
-10.951001
-10.942991
-10.934971
-10.926943
-10.918905
-10.910859
-10.902803
-10.894739
-10.886665
-10.878582
-10.870490
-10.862389
-10.854279
-10.846159
-10.838031
-10.829893
-10.821747
-10.813591
-10.805426
-10.797252
-10.789068
-10.780876
-10.772674
-10.764463
-10.756243
-10.748014
-10.739775
-10.731528
-10.723271
-10.715005
-10.706729
-10.698445
-10.690151
-10.681848
-10.673535
-10.665214
-10.656883
-10.648543
-10.640193
-10.631834
-10.623466
-10.615089
-10.606702
-10.598306
-10.589901
-10.581486
-10.573062
-10.564629
-10.556186
-10.547734
-10.539272
-10.530801
-10.522321
-10.513832
-10.505333
-10.496824
-10.488306
-10.479779
-10.471242
-10.462696
-10.454140
-10.445575
-10.437001
-10.428417
-10.419824
-10.411221
-10.402608
-10.393986
-10.385355
-10.376714
-10.368064
-10.359404
-10.350734
-10.342055
-10.333367
-10.324669
-10.315961
-10.307244
-10.298517
-10.289781
-10.281035
-10.272280
-10.263515
-10.254740
-10.245956
-10.237162
-10.228358
-10.219545
-10.210722
-10.201890
-10.193048
-10.184196
-10.175335
-10.166464
-10.157583
-10.148692
-10.139792
-10.130882
-10.121963
-10.113034
-10.104095
-10.095146
-10.086187
-10.077219
-10.068241
-10.059254
-10.050256
-10.041249
-10.032232
-10.023205
-10.014169
-10.005122
-9.996066
-9.987000
-9.977924
-9.968838
-9.959743
-9.950638
-9.941522
-9.932397
-9.923263
-9.914118
-9.904963
-9.895799
-9.886624
-9.877440
-9.868246
-9.859042
-9.849827
-9.840603
-9.831370
-9.822126
-9.812872
-9.803608
-9.794334
-9.785051
-9.775757
-9.766453
-9.757140
-9.747816
-9.738482
-9.729139
-9.719785
-9.710421
-9.701048
-9.691664
-9.682270
-9.672866
-9.663452
-9.654028
-9.644594
-9.635150
-9.625695
-9.616231
-9.606757
-9.597272
-9.587777
-9.578272
-9.568757
-9.559232
-9.549697
-9.540152
-9.530596
-9.521030
-9.511454
-9.501868
-9.492272
-9.482665
-9.473049
-9.463422
-9.453784
-9.444137
-9.434479
-9.424812
-9.415133
-9.405445
-9.395746
-9.386038
-9.376318
-9.366589
-9.356849
-9.347099
-9.337339
-9.327568
-9.317787
-9.307996
-9.298194
-9.288382
-9.278559
-9.268727
-9.258884
-9.249030
-9.239166
-9.229292
-9.219407
-9.209512
-9.199607
-9.189691
-9.179765
-9.169828
-9.159881
-9.149923
-9.139955
-9.129976
-9.119987
-9.109988
-9.099978
-9.089957
-9.079926
-9.069885
-9.059833
-9.049770
-9.039697
-9.029614
-9.019520
-9.009415
-8.999300
-8.989174
-8.979038
-8.968891
-8.958733
-8.948565
-8.938386
-8.928197
-8.917997
-8.907787
-8.897565
-8.887334
-8.877091
-8.866838
-8.856574
-8.846300
-8.836015
-8.825719
-8.815412
-8.805095
-8.794767
-8.784429
-8.774079
-8.763719
-8.753349
-8.742967
-8.732575
-8.722172
-8.711758
-8.701333
-8.690898
-8.680452
-8.669995
-8.659527
-8.649049
-8.638559
-8.628059
-8.617548
-8.607026
-8.596494
-8.585950
-8.575396
-8.564830
-8.554254
-8.543667
-8.533069
-8.522460
-8.511841
-8.501210
-8.490569
-8.479916
-8.469253
-8.458578
-8.447893
-8.437197
-8.426489
-8.415771
-8.405042
-8.394302
-8.383551
-8.372789
-8.362015
-8.351231
-8.340436
-8.329630
-8.318812
-8.307984
-8.297145
-8.286294
-8.275433
-8.264560
-8.253676
-8.242782
-8.231876
-8.220959
-8.210031
-8.199091
-8.188141
-8.177180
-8.166207
-8.155223
-8.144228
-8.133222
-8.122205
-8.111176
-8.100137
-8.089086
-8.078024
-8.066950
-8.055866
-8.044770
-8.033663
-8.022545
-8.011415
-8.000275
-7.989123
-7.977959
-7.966785
-7.955599
-7.944402
-7.933194
-7.921974
-7.910743
-7.899500
-7.888247
-7.876981
-7.865705
-7.854417
-7.843118
-7.831808
-7.820486
-7.809152
-7.797808
-7.786452
-7.775084
-7.763705
-7.752315
-7.740913
-7.729500
-7.718075
-7.706639
-7.695191
-7.683732
-7.672262
-7.660780
-7.649286
-7.637781
-7.626265
-7.614737
-7.603197
-7.591646
-7.580083
-7.568509
-7.556923
-7.545326
-7.533717
-7.522096
-7.510464
-7.498821
-7.487165
-7.475498
-7.463820
-7.452130
-7.440428
-7.428715
-7.416990
-7.405253
-7.393504
-7.381744
-7.369973
-7.358189
-7.346394
-7.334587
-7.322769
-7.310939
-7.299097
-7.287243
-7.275377
-7.263500
-7.251611
-7.239711
-7.227798
-7.215874
-7.203938
-7.191990
-7.180030
-7.168059
-7.156075
-7.144080
-7.132073
-7.120054
-7.108024
-7.095981
-7.083927
-7.071861
-7.059783
-7.047692
-7.035591
-7.023477
-7.011351
-6.999213
-6.987064
-6.974902
-6.962729
-6.950543
-6.938346
-6.926137
-6.913915
-6.901682
-6.889437
-6.877179
-6.864910
-6.852629
-6.840335
-6.828030
-6.815712
-6.803383
-6.791041
-6.778688
-6.766322
-6.753944
-6.741555
-6.729153
-6.716739
-6.704313
-6.691874
-6.679424
-6.666962
-6.654487
-6.642000
-6.629501
-6.616990
-6.604467
-6.591931
-6.579384
-6.566824
-6.554252
-6.541667
-6.529071
-6.516462
-6.503841
-6.491208
-6.478563
-6.465905
-6.453235
-6.440553
-6.427858
-6.415151
-6.402432
-6.389701
-6.376957
-6.364201
-6.351433
-6.338652
-6.325859
-6.313054
-6.300236
-6.287406
-6.274563
-6.261708
-6.248841
-6.235961
-6.223069
-6.210164
-6.197247
-6.184318
-6.171376
-6.158422
-6.145455
-6.132476
-6.119484
-6.106480
-6.093463
-6.080434
-6.067392
-6.054338
-6.041272
-6.028192
-6.015101
-6.001996
-5.988879
-5.975750
-5.962608
-5.949453
-5.936286
-5.923106
-5.909914
-5.896709
-5.883491
-5.870261
-5.857018
-5.843763
-5.830495
-5.817214
-5.803920
-5.790614
-5.777295
-5.763964
-5.750620
-5.737263
-5.723893
-5.710511
-5.697116
-5.683708
-5.670287
-5.656854
-5.643408
-5.629949
-5.616477
-5.602993
-5.589495
-5.575985
-5.562463
-5.548927
-5.535378
-5.521817
-5.508243
-5.494656
-5.481056
-5.467443
-5.453818
-5.440179
-5.426528
-5.412863
-5.399186
-5.385496
-5.371793
-5.358077
-5.344348
-5.330606
-5.316851
-5.303083
-5.289302
-5.275509
-5.261702
-5.247882
-5.234049
-5.220204
-5.206345
-5.192473
-5.178588
-5.164690
-5.150779
-5.136855
-5.122918
-5.108968
-5.095004
-5.081028
-5.067039
-5.053036
-5.039020
-5.024991
-5.010949
-4.996894
-4.982826
-4.968745
-4.954650
-4.940542
-4.926421
-4.912287
-4.898140
-4.883979
-4.869805
-4.855618
-4.841418
-4.827204
-4.812977
-4.798737
-4.784484
-4.770217
-4.755938
-4.741644
-4.727338
-4.713018
-4.698685
-4.684339
-4.669979
-4.655606
-4.641219
-4.626819
-4.612406
-4.597980
-4.583540
-4.569086
-4.554620
-4.540140
-4.525646
-4.511139
-4.496619
-4.482085
-4.467537
-4.452977
-4.438402
-4.423815
-4.409213
-4.394599
-4.379970
-4.365329
-4.350673
-4.336005
-4.321322
-4.306627
-4.291917
-4.277194
-4.262458
-4.247708
-4.232944
-4.218167
-4.203376
-4.188571
-4.173753
-4.158922
-4.144076
-4.129217
-4.114345
-4.099458
-4.084558
-4.069645
-4.054717
-4.039776
-4.024822
-4.009853
-3.994871
-3.979875
-3.964865
-3.949842
-3.934805
-3.919754
-3.904690
-3.889611
-3.874519
-3.859413
-3.844293
-3.829160
-3.814012
-3.798851
-3.783676
-3.768487
-3.753284
-3.738067
-3.722837
-3.707592
-3.692334
-3.677062
-3.661776
-3.646476
-3.631162
-3.615834
-3.600492
-3.585137
-3.569767
-3.554383
-3.538986
-3.523574
-3.508149
-3.492709
-3.477256
-3.461788
-3.446306
-3.430811
-3.415301
-3.399777
-3.384240
-3.368688
-3.353122
-3.337542
-3.321948
-3.306340
-3.290717
-3.275081
-3.259431
-3.243766
-3.228087
-3.212394
-3.196687
-3.180966
-3.165230
-3.149481
-3.133717
-3.117939
-3.102147
-3.086340
-3.070520
-3.054685
-3.038836
-3.022972
-3.007095
-2.991203
-2.975297
-2.959376
-2.943441
-2.927492
-2.911529
-2.895551
-2.879559
-2.863553
-2.847532
-2.831497
-2.815448
-2.799384
-2.783306
-2.767213
-2.751106
-2.734985
-2.718849
-2.702699
-2.686534
-2.670355
-2.654162
-2.637954
-2.621732
-2.605495
-2.589243
-2.572977
-2.556697
-2.540402
-2.524093
-2.507769
-2.491430
-2.475077
-2.458710
-2.442328
-2.425931
-2.409520
-2.393094
-2.376653
-2.360198
-2.343729
-2.327245
-2.310746
-2.294232
-2.277704
-2.261161
-2.244604
-2.228031
-2.211445
-2.194843
-2.178227
-2.161596
-2.144950
-2.128290
-2.111615
-2.094925
-2.078220
-2.061501
-2.044767
-2.028018
-2.011254
-1.994476
-1.977682
-1.960874
-1.944051
-1.927214
-1.910361
-1.893494
-1.876611
-1.859714
-1.842802
-1.825875
-1.808933
-1.791977
-1.775005
-1.758019
-1.741017
-1.724001
-1.706969
-1.689923
-1.672862
-1.655786
-1.638695
-1.621588
-1.604467
-1.587331
-1.570180
-1.553014
-1.535833
-1.518636
-1.501425
-1.484199
-1.466957
-1.449701
-1.432429
-1.415142
-1.397841
-1.380524
-1.363192
-1.345845
-1.328482
-1.311105
-1.293712
-1.276305
-1.258882
-1.241444
-1.223991
-1.206522
-1.189038
-1.171540
-1.154025
-1.136496
-1.118952
-1.101392
-1.083817
-1.066226
-1.048621
-1.031000
-1.013364
-0.995712
-0.978045
-0.960363
-0.942666
-0.924953
-0.907225
-0.889481
-0.871723
-0.853948
-0.836159
-0.818354
-0.800533
-0.782697
-0.764846
-0.746980
-0.729097
-0.711200
-0.693287
-0.675358
-0.657415
-0.639455
-0.621480
-0.603490
-0.585484
-0.567463
-0.549426
-0.531373
-0.513305
-0.495222
-0.477122
-0.459008
-0.440877
-0.422732
-0.404570
-0.386393
-0.368200
-0.349992
-0.331768
-0.313529
-0.295273
-0.277002
-0.258716
-0.240414
-0.222096
-0.203762
-0.185413
-0.167048
-0.148667
-0.130271
-0.111858
-0.093430
-0.074987
-0.056527
-0.038052
-0.019561
-0.001054
0.017468
0.036007
0.054561
0.073131
0.091717
0.110319
0.128937
0.147570
0.166220
0.184885
0.203566
0.222263
0.240976
0.259705
0.278450
0.297210
0.315987
0.334780
0.353588
0.372413
0.391253
0.410110
0.428983
0.447871
0.466776
0.485696
0.504633
0.523586
0.542554
0.561539
0.580540
0.599557
0.618590
0.637639
0.656705
0.675786
0.694884
0.713997
0.733127
0.752273
0.771435
0.790613
0.809808
0.829018
0.848245
0.867488
0.886748
0.906023
0.925315
0.944623
0.963947
0.983288
1.002645
1.022018
1.041407
1.060813
1.080235
1.099673
1.119128
1.138599
1.158086
1.177590
1.197110
1.216646
1.236199
1.255768
1.275353
1.294955
1.314574
1.334209
1.353860
1.373528
1.393212
1.412912
1.432630
1.452363
1.472113
1.491880
1.511663
1.531463
1.551279
1.571111
1.590961
1.610826
1.630709
1.650608
1.670523
1.690455
1.710404
1.730369
1.750351
1.770350
1.790365
1.810397
1.830446
1.850511
1.870593
1.890691
1.910807
1.930939
1.951087
1.971253
1.991435
2.011634
2.031849
2.052082
2.072331
2.092597
2.112879
2.133179
2.153495
2.173828
2.194178
2.214545
2.234929
2.255329
2.275747
2.296181
2.316632
2.337100
2.357585
2.378087
2.398605
2.419141
2.439694
2.460263
2.480850
2.501453
2.522074
2.542711
2.563365
2.584037
2.604725
2.625431
2.646153
2.666893
2.687649
2.708423
2.729214
2.750021
2.770846
2.791688
2.812547
2.833423
2.854317
2.875227
2.896155
2.917099
2.938061
2.959040
2.980036
3.001050
3.022080
3.043128
3.064193
3.085276
3.106375
3.127492
3.148626
3.169777
3.190946
3.212131
3.233335
3.254555
3.275793
3.297048
3.318320
3.339610
3.360917
3.382241
3.403583
3.424942
3.446319
3.467713
3.489124
3.510553
3.531999
3.553463
3.574944
3.596442
3.617958
3.639492
3.661043
3.682611
3.704197
3.725800
3.747421
3.769060
3.790716
3.812389
3.834080
3.855789
3.877515
3.899259
3.921021
3.942800
3.964596
3.986411
4.008243
4.030092
4.051959
4.073844
4.095747
4.117667
4.139605
4.161560
4.183534
4.205525
4.227534
4.249560
4.271604
4.293666
4.315746
4.337844
4.359959
4.382092
4.404243
4.426412
4.448598
4.470803
4.493025
4.515265
4.537523
4.559799
4.582092
4.604404
4.626733
4.649081
4.671446
4.693829
4.716231
4.738650
4.761087
4.783542
4.806015
4.828506
4.851015
4.873542
4.896087
4.918650
4.941231
4.963830
4.986447
5.009083
5.031736
5.054407
5.077097
5.099804
5.122530
5.145274
5.168036
5.190816
5.213614
5.236431
5.259265
5.282118
5.304989
5.327878
5.350785
5.373711
5.396655
5.419617
5.442597
5.465595
5.488612
5.511647
5.534701
5.557772
5.580862
5.603970
5.627097
5.650242
5.673405
5.696587
5.719787
5.743005
5.766242
5.789497
5.812770
5.836062
5.859372
5.882701
5.906048
5.929414
5.952798
5.976201
5.999622
6.023061
6.046519
6.069996
6.093491
6.117005
6.140537
6.164087
6.187657
6.211244
6.234851
6.258476
6.282119
6.305781
6.329462
6.353162
6.376880
6.400616
6.424372
6.448146
6.471938
6.495750
6.519580
6.543428
6.567296
6.591182
6.615087
6.639011
6.662953
6.686914
6.710894
6.734893
6.758910
6.782947
6.807002
6.831076
6.855168
6.879280
6.903411
6.927560
6.951728
6.975915
7.000121
7.024346
7.048590
7.072852
7.097134
7.121434
7.145754
7.170092
7.194450
7.218826
7.243222
7.267636
7.292069
7.316522
7.340993
7.365484
7.389993
7.414522
7.439069
7.463636
7.488222
7.512827
7.537451
7.562094
7.586756
7.611437
7.636138
7.660858
7.685596
7.710354
7.735132
7.759928
7.784744
7.809578
7.834432
7.859306
7.884198
7.909110
7.934041
7.958991
7.983961
8.008950
8.033958
8.058985
8.084032
8.109098
8.134184
8.159289
8.184413
8.209557
8.234720
8.259902
8.285104
8.310325
8.335566
8.360826
8.386105
8.411404
8.436722
8.462060
8.487418
8.512795
8.538191
8.563607
8.589042
8.614497
8.639972
8.665466
8.690979
8.716512
8.742065
8.767637
8.793229
8.818841
8.844472
8.870123
8.895793
8.921483
8.947193
8.972923
8.998672
9.024441
9.050229
9.076037
9.101865
9.127713
9.153580
9.179468
9.205374
9.231301
9.257248
9.283214
9.309200
9.335206
9.361232
9.387277
9.413343
9.439428
9.465533
9.491658
9.517803
9.543968
9.570153
9.596357
9.622582
9.648826
9.675091
9.701375
9.727679
9.754004
9.780348
9.806712
9.833097
9.859501
9.885925
9.912370
9.938834
9.965319
9.991823
10.018348
10.044892
10.071457
10.098042
10.124647
10.151272
10.177918
10.204583
10.231269
10.257975
10.284700
10.311447
10.338213
10.364999
10.391806
10.418633
10.445480
10.472348
10.499236
10.526144
10.553072
10.580021
10.606989
10.633979
10.660988
10.688018
10.715068
10.742139
10.769230
10.796341
10.823473
10.850625
10.877797
10.904990
10.932203
10.959437
10.986691
11.013966
11.041261
11.068576
11.095912
11.123269
11.150646
11.178043
11.205462
11.232900
11.260359
11.287839
11.315339
11.342860
11.370402
11.397964
11.425546
11.453149
11.480773
11.508418
11.536083
11.563769
11.591475
11.619203
11.646950
11.674719
11.702508
11.730318
11.758149
11.786000
11.813873
11.841766
11.869679
11.897614
11.925569
11.953545
11.981542
12.009560
12.037599
12.065658
12.093738
12.121840
12.149962
12.178105
12.206268
12.234453
12.262659
12.290885
12.319133
12.347401
12.375691
12.404001
12.432332
12.460685
12.489058
12.517453
12.545868
12.574304
12.602762
12.631240
12.659740
12.688260
12.716802
12.745365
12.773949
12.802554
12.831180
12.859827
12.888496
12.917185
12.945896
12.974628
13.003381
13.032155
13.060951
13.089768
13.118606
13.147465
13.176345
13.205247
13.234170
13.263114
13.292080
13.321066
13.350075
13.379104
13.408155
13.437227
13.466321
13.495435
13.524572
13.553729
13.582908
13.612109
13.641331
13.670574
13.699838
